

Air Force,28,9,19,.321,-7.45,2.05,3,15,,,,,1833,1984,,,,.376,.279,.500,49.9,44.3,,9.6,.458,17.4,,.263
Akron,26,8,18,.308,-10.69,-5.07,3,15,,,,,1614,1709,,,,.372,.277,.517,51.1,54.5,,5.5,.488,18.4,,.241
Alabama-Birmingham,35,21,14,.600,10.82,5.68,5,5,,,,,2432,2254,,,,.325,.270,.527,52.2,56.4,,9.6,.494,17.8,,.228
Alabama State,27,14,13,.519,-8.48,-9.70,9,5,,,,,2378,2288,,,,.433,.203,.557,51.3,46.1,,2.8,.518,20.7,,.305
Alabama,29,16,13,.552,9.66,7.83,7,9,,,,,2192,2138,,,,.415,.299,.541,51.7,43.1,,8.9,.513,19.4,,.271
Alcorn State,27,7,20,.259,-11.04,-4.58,5,9,,,,,2054,2313,,,,.297,.166,.510,47.9,55.3,,7.2,.504,20.0,,.208
American,28,11,17,.393,-0.17,1.15,6,8,,,,,2131,2168,,,,.424,.269,.525,52.7,53.3,,5.6,.477,17.7,,.307
Appalachian State,28,13,15,.464,-6.08,-4.27,8,10,,,,,2276,2295,,,,.361,.324,.532,45.1,50.7,,8.4,.503,18.0,,.241
Arizona State,28,18,10,.643,9.23,6.97,11,7,,,,,2366,2304,,,,.296,.386,.519,44.1,59.1,,6.7,.499,15.2,,.185
Arizona,28,24,4,.857,20.50,8.28,17,1,,,,,2340,1998,,,,.424,.231,.562,55.8,57.4,,9.9,.530,17.6,,.290
Little Rock,27,15,12,.556,-3.31,-0.24,10,8,,,,,1859,1935,,,,.419,.252,.527,50.3,53.8,,6.7,.483,21.4,,.298
Arkansas State,28,16,12,.571,4.06,0.02,11,7,,,,,1971,1834,,,,.374,.257,.523,51.5,56.1,,7.6,.490,20.3,,.253
Arkansas,31,22,9,.710,17.72,8.30,10,6,,,,,2695,2403,,,,.354,.261,.566,45.6,58.5,,7.2,.539,15.9,,.243
Army,26,4,22,.154,-19.98,-7.17,2,12,,,,,1555,1888,,,,.415,.215,.489,48.6,54.1,,4.8,.452,21.8,,.266
Auburn,27,15,12,.556,8.93,6.97,8,8,,,,,2171,2057,,,,.332,.254,.576,51.2,51.9,,5.8,.550,18.7,,.234
Austin Peay,27,7,20,.259,-13.85,-1.43,4,12,,,,,1864,2173,,,,.408,.217,.516,46.9,50.2,,3.7,.477,20.8,,.277
Ball State,34,26,8,.765,1.32,-4.68,14,4,,,,,2421,2185,,,,.487,.210,.549,53.3,55.6,,6.1,.506,18.7,,.339
Baylor,27,16,11,.593,2.99,1.83,7,7,,,,,2352,2264,,,,.468,.342,.553,51.0,62.3,,10.4,.521,16.8,,.310
Bethune-Cookman,27,3,24,.111,-23.17,-8.76,2,14,,,,,1728,2123,,,,.307,.188,.472,47.6,48.5,,4.2,.455,22.0,,.173
Boise State,29,21,8,.724,0.35,-4.28,10,4,,,,,2190,2020,,,,.428,.234,.547,49.4,54.2,,8.7,.505,18.8,,.307


Boston College,31,18,13,.581,11.90,7.48,9,9,,,,,2215,2078,,,,.356,.272,.568,50.1,56.3,,4.8,.531,18.1,,.266
Boston University,27,6,21,.222,-16.04,-5.22,3,11,,,,,1880,2172,,,,.371,.220,.486,46.9,56.9,,6.9,.448,18.6,,.247
Bowling Green State,27,11,16,.407,-4.01,-0.85,8,10,,,,,1749,1800,,,,.354,.283,.540,48.2,54.9,,5.4,.514,18.2,,.234
Bradley,27,11,16,.407,-0.92,1.12,7,11,,,,,1623,1656,,,,.384,.152,.518,49.8,55.1,,8.2,.486,21.3,,.253
Brigham Young,34,25,9,.735,12.49,4.08,15,3,,,,,2754,2445,,,,.477,.233,.589,54.6,64.7,,9.0,.540,19.5,,.366
Brown,26,7,19,.269,-15.84,-5.80,2,12,,,,,1514,1874,,,,.404,.259,.463,45.9,53.6,,7.6,.460,19.0,,.256
Bucknell,29,23,6,.793,-0.11,-8.57,13,1,,,,,2350,2081,,,,.360,.226,.537,48.1,48.9,,8.9,.506,15.1,,.244
Buffalo,27,5,22,.185,-18.75,-5.45,,,,,,,1778,2140,,,,.318,.157,.453,46.6,42.2,,6.8,.424,21.6,,.196
Butler,28,11,17,.393,-1.51,3.20,5,9,,,,,1899,1986,,,,.371,.266,.516,50.1,50.1,,2.8,.478,20.0,,.258
Cal State Fullerton,27,15,12,.556,3.12,2.19,10,8,,,,,1937,1892,,,,.429,.232,.535,48.8,53.0,,10.6,.504,17.5,,.281
Cal State Northridge,27,10,17,.370,-8.55,-2.47,,,,,,,1837,1948,,,,.344,.344,.515,45.8,52.0,,2.7,.486,18.1,,.226
UC-Irvine,27,6,21,.222,-3.78,2.91,4,14,,,,,1975,2115,,,,.435,.299,.530,53.6,48.1,,7.2,.502,21.8,,.275
UC-Santa Barbara,29,18,11,.621,7.28,1.55,10,8,,,,,1996,1830,,,,.441,.212,.551,49.1,62.0,,6.5,.516,18.1,,.301
University of California,30,21,9,.700,12.79,7.26,12,6,,,,,2380,2214,,,,.398,.234,.540,53.2,58.6,,8.1,.509,18.4,,.265
Campbell,27,12,15,.444,-13.73,-10.15,10,6,,,,,1923,1988,,,,.286,.380,.543,47.2,65.7,,6.6,.522,16.3,,.189
Canisius,28,10,18,.357,-6.53,-2.10,5,9,,,,,1776,1900,,,,.303,.329,.500,47.6,58.5,,7.3,.464,21.8,,.214
Centenary (LA),27,9,18,.333,-14.65,-7.35,4,8,,,,,2272,2361,,,,.363,.330,.510,46.9,53.6,,4.7,.476,16.8,,.243
Central Connecticut State,27,8,19,.296,-21.33,-8.94,,,,,,,2057,2262,,,,.373,.216,.502,46.8,57.4,,5.1,.463,19.3,,.254
Central Florida,27,10,17,.370,-13.48,-9.16,0,0,,,,,2071,2151,,,,.423,.253,.554,49.2,53.8,,5.0,.522,18.6,,.286
Central Michigan,26,8,18,.308,-11.82,-2.37,4,14,,,,,1918,2114,,,,.368,.250,.507,48.0,50.0,,9.0,.478,18.5,,.235


Charleston Southern,27,9,18,.333,-18.54,-9.02,5,11,,,,,1951,2043,,,,.332,.231,.532,51.7,52.1,,2.1,.487,19.3,,.257
Charlotte,28,15,13,.536,5.37,2.83,6,6,,,,,2037,1954,,,,.435,.218,.507,53.9,59.6,,8.2,.473,18.6,,.277
Chattanooga,33,26,7,.788,6.63,-3.06,16,2,,,,,2820,2385,,,,.384,.299,.579,52.3,55.2,,7.9,.540,15.4,,.289
Chicago State,27,4,23,.148,-21.96,-1.19,,,,,,,1906,2573,,,,.324,.186,.457,44.3,45.5,,4.1,.424,18.0,,.207
Cincinnati,32,27,5,.844,22.62,6.62,8,2,,,,,2383,1871,,,,.347,.258,.535,53.2,57.0,,7.3,.512,16.9,,.222
Citadel,27,10,17,.370,-12.16,-5.09,8,10,,,,,1741,1928,,,,.400,.229,.504,47.5,59.5,,5.6,.464,20.1,,.271
Clemson,30,17,13,.567,10.05,7.55,5,11,,,,,2376,2301,,,,.349,.298,.549,50.1,58.2,,13.1,.523,18.5,,.233
Cleveland State,28,22,6,.786,-0.08,-5.50,15,1,,,,,2138,1986,,,,.430,.249,.553,50.3,61.1,,6.6,.521,18.5,,.291
Coastal Carolina,32,22,10,.688,-3.95,-7.89,12,4,,,,,2488,2268,,,,.387,.258,.563,50.5,53.9,,8.4,.531,16.9,,.272
Colgate,28,18,10,.643,-5.96,-9.60,9,5,,,,,2150,2048,,,,.415,.286,.526,50.0,52.0,,8.8,.483,16.9,,.293
College of Charleston,27,19,8,.704,-4.09,-8.30,0,0,,,,,1848,1631,,,,.571,.206,.540,51.3,62.0,,8.7,.488,17.3,,.395
Colorado State,29,17,12,.586,3.33,2.21,9,9,,,,,2172,2074,,,,.428,.291,.557,51.3,66.1,,6.3,.517,15.9,,.308
Colorado,27,10,17,.370,6.48,7.62,2,12,,,,,2003,2034,,,,.463,.218,.531,50.8,54.6,,12.7,.499,21.8,,.297
Columbia,26,16,10,.615,-3.01,-6.65,10,4,,,,,1889,1737,,,,.542,.195,.569,50.4,58.0,,10.9,.525,18.5,,.381
Connecticut,28,15,13,.536,11.71,8.06,9,9,,,,,2113,2011,,,,.343,.240,.517,51.1,50.7,,11.8,.480,17.6,,.243
Coppin State,30,22,8,.733,-3.73,-11.06,16,0,,,,,2216,1994,,,,.418,.335,.512,50.6,45.6,,8.1,.465,16.9,,.294
Cornell,26,16,10,.615,-1.24,-1.72,9,5,,,,,1827,1780,,,,.365,.190,.513,50.9,47.1,,6.7,.465,16.6,,.274
Creighton,26,8,18,.308,-3.03,2.01,6,12,,,,,1667,1798,,,,.425,.253,.543,48.3,67.4,,4.6,.492,23.4,,.320
Dartmouth,26,11,15,.423,-7.56,-5.32,5,9,,,,,1768,1808,,,,.407,.285,.539,48.9,58.8,,9.1,.512,21.1,,.263
Davidson,28,14,14,.500,-4.50,-2.78,10,8,,,,,2078,2040,,,,.373,.240,.542,53.2,61.7,,5.9,.514,19.5,,.249


Dayton,30,4,26,.133,-5.32,5.33,3,11,,,,,1844,2150,,,,.254,.434,.494,46.7,57.1,,5.0,.470,18.1,,.168
Delaware State,29,13,16,.448,-17.32,-12.04,6,10,,,,,2138,2273,,,,.383,.275,.484,50.7,49.0,,8.6,.458,21.9,,.229
Delaware,30,22,8,.733,-0.63,-5.63,10,4,,,,,2244,2070,,,,.474,.195,.519,54.1,49.0,,9.5,.471,18.0,,.331
DePaul,31,16,15,.516,5.53,6.79,3,7,,,,,2291,2326,,,,.339,.242,.539,52.5,56.1,,6.0,.507,19.4,,.236
Detroit Mercy,27,15,12,.556,1.73,0.81,7,7,,,,,2116,2056,,,,.381,.288,.529,51.2,54.8,,5.1,.504,15.9,,.240
Drake,28,14,14,.500,0.89,2.33,9,9,,,,,2065,2086,,,,.351,.283,.539,48.5,44.4,,5.8,.501,17.1,,.257
Drexel,29,22,7,.759,-2.39,-8.49,12,2,,,,,2121,1944,,,,.478,.217,.536,53.1,60.3,,5.3,.497,16.7,,.321
Duke,32,24,8,.750,25.98,10.76,10,6,,,,,2766,2279,,,,.430,.237,.589,49.9,53.5,,9.7,.554,16.6,,.310
Duquesne,28,13,15,.464,1.54,1.15,5,9,,,,,2096,2085,,,,.448,.264,.527,50.7,62.5,,11.0,.502,20.9,,.274
East Carolina,30,13,17,.433,-2.02,0.95,4,10,,,,,2037,2089,,,,.386,.274,.498,50.9,47.7,,5.9,.465,17.3,,.248
East Tennessee State,29,19,10,.655,-0.39,-3.31,12,6,,,,,2413,2254,,,,.332,.299,.525,51.9,44.3,,7.1,.499,16.6,,.218
Eastern Illinois,27,10,17,.370,-11.12,-3.62,7,9,,,,,1802,1973,,,,.409,.220,.541,51.1,56.6,,6.4,.511,23.6,,.270
Eastern Kentucky,27,15,12,.556,-3.57,-5.81,11,5,,,,,2054,1960,,,,.381,.279,.557,48.4,53.7,,8.0,.521,16.9,,.274
Eastern Michigan,30,13,17,.433,-5.09,-2.99,8,10,,,,,2074,2099,,,,.362,.265,.505,50.6,49.5,,10.7,.472,17.6,,.240
Eastern Washington,26,6,20,.231,-12.17,-3.17,3,11,,,,,1695,1911,,,,.389,.268,.505,47.2,48.9,,6.7,.477,18.7,,.242
Evansville,30,23,7,.767,8.84,-0.88,12,2,,,,,2251,1960,,,,.465,.269,.583,51.2,63.2,,7.1,.539,18.1,,.347
Fairfield,27,14,13,.519,-5.20,-3.83,7,7,,,,,1790,1827,,,,.402,.248,.503,50.5,45.5,,6.7,.470,19.9,,.258
Fairleigh Dickinson,28,11,17,.393,-12.10,-8.14,8,10,,,,,1896,1963,,,,.434,.275,.513,52.1,45.6,,5.6,.481,20.1,,.274
Florida A&M,28,10,18,.357,-19.93,-10.63,8,8,,,,,2072,2309,,,,.368,.178,.524,50.2,49.1,,4.8,.507,18.0,,.225
Florida International,30,20,10,.667,-5.82,-7.41,9,3,,,,,2049,1959,,,,.454,.201,.542,52.5,56.6,,8.4,.519,20.1,,.281


Florida State,35,25,10,.714,18.07,11.44,12,4,,,,,3020,2788,,,,.349,.244,.560,50.6,51.0,,11.6,.535,17.0,,.235
Florida,28,16,12,.571,10.74,7.74,9,7,,,,,2058,1975,,,,.310,.227,.521,49.4,52.7,,9.3,.499,17.1,,.197
Fordham,31,15,16,.484,-7.93,-3.96,9,5,,,,,2028,2131,,,,.499,.229,.526,50.2,60.9,,9.7,.487,20.3,,.327
Fresno State,28,13,15,.464,-3.05,2.06,8,10,,,,,1868,2011,,,,.412,.310,.535,49.5,67.4,,9.6,.510,19.8,,.260
Furman,28,11,17,.393,-6.17,-3.54,8,10,,,,,2093,2142,,,,.381,.293,.552,50.6,66.4,,4.7,.511,19.7,,.281
George Mason,28,7,21,.250,-10.13,-1.21,2,12,,,,,1911,2102,,,,.345,.240,.490,49.2,47.9,,6.1,.456,18.3,,.229
George Washington,30,21,9,.700,11.57,4.27,8,6,,,,,2292,2073,,,,.482,.246,.525,52.7,46.2,,10.6,.494,,,.302
Georgetown,33,20,13,.606,12.61,8.68,8,10,,,,,2285,2062,,,,.426,.208,.516,54.0,54.4,,8.2,.470,19.2,,.300
Georgia Southern,28,19,9,.679,-1.55,-4.87,12,6,,,,,2216,2110,,,,.319,.254,.530,52.5,53.6,,5.2,.509,18.1,,.201
Georgia State,27,13,14,.481,-9.61,-5.22,5,7,,,,,2060,2080,,,,.425,.189,.493,48.1,48.5,,4.2,.461,16.3,,.265
Georgia Tech,30,19,11,.633,12.96,10.39,8,8,,,,,2331,2257,,,,.298,.208,.557,51.8,65.0,,10.2,.534,18.8,,.204
Georgia,29,15,14,.517,11.54,10.04,8,8,,,,,2254,2174,,,,.416,.252,.543,52.3,52.7,,9.8,.523,20.1,,.254
Gonzaga,28,19,9,.679,1.61,-4.93,10,4,,,,,2092,1833,,,,.524,.219,.584,50.5,51.0,,6.9,.549,16.8,,.360
Grambling,27,13,14,.481,-11.58,-8.50,5,9,,,,,2254,2268,,,,.377,.141,.520,50.9,53.1,,7.3,.496,20.7,,.233
Green Bay,27,13,14,.481,-2.14,-5.33,9,7,,,,,1785,1705,,,,.279,.261,.560,52.1,65.3,,5.5,.533,19.1,,.202
Hartford,28,14,14,.500,-5.71,-6.08,7,7,,,,,2043,2024,,,,.436,.210,.514,50.9,48.8,,11.3,.473,18.0,,.296
Harvard,26,6,20,.231,-16.14,-4.70,3,11,,,,,1806,2076,,,,.365,.208,.481,49.5,46.5,,8.2,.453,20.2,,.224
Hawaii,28,12,16,.429,2.47,2.97,7,11,,,,,1961,1965,,,,.382,.207,.540,49.5,60.0,,6.3,.503,19.2,,.269
Hofstra,27,9,18,.333,-11.59,-3.12,,,,,,,1700,1901,,,,.493,.264,.549,45.4,55.8,,5.1,.501,22.1,,.354
Holy Cross,30,23,7,.767,2.59,-5.04,12,2,,,,,2563,2334,,,,.456,.226,.562,48.2,60.6,,5.9,.516,16.8,,.336


Houston,30,21,9,.700,9.79,2.66,9,5,,,,,2376,2161,,,,.425,.304,.563,48.8,53.1,,11.8,.534,17.3,,.284
Howard,28,10,18,.357,-18.06,-9.91,6,10,,,,,1932,2125,,,,.500,.214,.485,48.3,48.1,,4.4,.446,19.9,,.306
Idaho State,28,10,18,.357,-6.83,-3.16,5,9,,,,,1993,2060,,,,.394,.336,.534,46.1,60.5,,5.4,.490,18.4,,.288
Idaho,32,24,8,.750,1.08,-4.85,11,3,,,,,2384,2123,,,,.371,.211,.538,57.4,54.4,,8.2,.516,16.7,,.233
Illinois-Chicago,32,17,15,.531,-2.82,-3.45,9,7,,,,,2528,2465,,,,.313,.261,.528,47.7,50.2,,10.5,.499,16.5,,.216
Illinois State,29,19,10,.655,3.75,0.97,13,5,,,,,1930,1839,,,,.386,.239,.552,51.4,59.0,,3.3,.522,19.2,,.262
Illinois,32,19,13,.594,11.83,9.27,11,7,,,,,2429,2347,,,,.409,.235,.555,52.1,56.6,,6.4,.522,18.1,,.282
Indiana State,28,11,17,.393,-0.23,2.29,7,11,,,,,1882,1946,,,,.418,.274,.566,48.8,53.2,,4.5,.518,20.6,,.321
Indiana,35,31,4,.886,25.84,11.09,17,1,,,,,3028,2506,,,,.459,.225,.603,52.1,57.6,,6.0,.570,15.2,,.329
Iona,27,16,11,.593,-1.01,-1.97,9,5,,,,,2046,2005,,,,.433,.250,.557,48.7,65.8,,9.2,.523,19.9,,.297
Iowa State,31,20,11,.645,18.65,8.05,8,6,,,,,2520,2159,,,,.317,.233,.566,48.6,59.5,,5.4,.531,16.6,,.240
Iowa,32,23,9,.719,19.75,8.14,11,7,,,,,2507,2093,,,,.478,.172,.545,57.4,51.5,,11.8,.500,17.5,,.337
Jackson State,34,25,9,.735,0.73,-3.64,13,1,,,,,2884,2651,,,,.402,.234,.538,52.7,47.6,,12.2,.507,19.1,,.267
Jacksonville,27,5,22,.185,-6.43,0.54,3,15,,,,,1915,2099,,,,.409,.232,.490,49.9,46.2,,7.5,.460,24.3,,.251
James Madison,30,21,9,.700,9.37,0.27,11,3,,,,,2413,2140,,,,.467,.250,.604,51.8,43.6,,8.2,.569,18.1,,.340
Kansas State,30,19,11,.633,9.85,6.91,7,7,,,,,2109,2009,,,,.331,.265,.517,53.7,58.5,,3.8,.488,19.0,,.221
Kansas,36,29,7,.806,22.30,10.88,11,3,,,,,3037,2510,,,,.390,.245,.595,51.7,61.9,,6.5,.565,17.0,,.280
Kent State,27,10,17,.370,-5.26,-2.26,7,11,,,,,1742,1823,,,,.343,.278,.543,48.2,63.7,,3.8,.510,20.5,,.242
Kentucky,34,30,4,.882,26.91,9.23,13,3,,,,,2975,2374,,,,.359,.395,.582,54.0,63.5,,10.7,.558,17.5,,.247
La Salle,27,14,13,.519,-0.02,2.56,9,5,,,,,1905,1894,,,,.350,.395,.494,48.2,54.8,,9.4,.463,16.2,,.227


Lafayette,27,7,20,.259,-14.39,-6.23,4,10,,,,,1804,2012,,,,.337,.176,.498,50.4,46.2,,3.8,.458,18.9,,.239
Lamar,27,15,12,.556,6.57,-1.82,9,9,,,,,2384,2147,,,,.390,.380,.550,49.1,60.5,,4.5,.514,16.0,,.275
Lehigh,27,4,23,.148,-16.26,-6.53,2,12,,,,,1994,2253,,,,.399,.165,.520,47.4,56.2,,5.9,.479,21.5,,.279
Liberty,30,16,14,.533,-9.02,-10.30,9,7,,,,,2315,2127,,,,.392,.259,.564,52.8,61.2,,6.7,.535,18.3,,.267
Cal State Long Beach,32,22,10,.688,8.24,2.38,11,7,,,,,2512,2275,,,,.432,.286,.573,50.8,62.1,,4.7,.540,18.8,,.300
Long Island University,28,11,17,.393,-12.97,-9.34,7,11,,,,,2161,2207,,,,.364,.278,.521,46.8,54.6,,8.1,.489,18.4,,.245
Louisiana,30,17,13,.567,4.58,1.68,11,7,,,,,2391,2304,,,,.398,.188,.544,48.2,48.2,,6.6,.507,16.7,,.279
Louisiana-Monroe,31,26,5,.839,7.66,-5.08,17,1,,,,,2702,2299,,,,.400,.227,.583,50.3,47.5,,6.1,.566,15.6,,.257
Louisiana State,33,22,11,.667,10.25,5.28,9,7,,,,,2597,2433,,,,.350,.244,.517,51.7,52.2,,7.2,.483,16.2,,.239
Louisiana Tech,28,7,21,.250,-10.93,0.82,3,15,,,,,1710,2029,,,,.363,.216,.477,48.1,45.5,,10.0,.448,23.0,,.222
Louisville,31,22,9,.710,14.65,8.85,11,1,,,,,2513,2293,,,,.399,.246,.574,52.3,56.7,,9.8,.549,17.7,,.267
Loyola (IL),27,7,20,.259,-7.23,2.29,3,11,,,,,1810,1993,,,,.370,.218,.513,47.2,55.1,,4.4,.484,22.1,,.239
Loyola Marymount,27,7,20,.259,-9.12,-2.40,2,12,,,,,1855,2008,,,,.384,.232,.502,48.9,54.4,,9.7,.463,21.3,,.262
Loyola (MD),27,2,25,.074,-15.26,-3.04,1,13,,,,,1571,1901,,,,.330,.235,.482,47.3,53.3,,6.8,.448,23.1,,.218
Maine,27,10,17,.370,-10.97,-7.93,4,10,,,,,1841,1923,,,,.325,.163,.511,49.9,55.8,,6.9,.482,19.6,,.215
Manhattan,30,23,7,.767,3.15,-3.05,12,2,,,,,2194,2006,,,,.436,.265,.544,53.4,56.0,,6.2,.511,19.8,,.291
Marist,30,14,16,.467,-10.56,-8.25,10,8,,,,,2129,2189,,,,.497,.259,.535,50.6,53.4,,6.8,.495,18.6,,.331
Marquette,28,20,8,.714,15.68,2.29,6,4,,,,,2067,1692,,,,.422,.216,.567,54.7,69.5,,10.4,.524,17.4,,.314
Marshall,27,16,11,.593,-4.44,-4.80,11,7,,,,,2112,2062,,,,.385,.209,.523,49.4,51.2,,8.8,.485,18.0,,.267
Maryland-Baltimore County,28,12,16,.429,-11.83,-8.48,7,9,,,,,2290,2337,,,,.412,.214,.517,50.1,57.3,,7.7,.489,17.8,,.258


Maryland-Eastern Shore,27,13,14,.481,-20.58,-11.90,7,9,,,,,1794,1995,,,,.438,.229,.503,48.1,42.1,,4.8,.466,21.8,,.284
Maryland,28,12,16,.429,9.49,9.17,2,14,,,,,2235,2226,,,,.342,.178,.504,48.5,61.7,,7.2,.471,17.1,,.230
Massachusetts,31,24,7,.774,14.25,5.34,11,3,,,,,2262,1986,,,,.495,.260,.532,54.8,61.4,,10.9,.485,2.3,,.346
McNeese State,28,12,16,.429,-5.95,-4.91,9,9,,,,,2034,2035,,,,.364,.273,.546,46.6,40.7,,11.1,.510,18.7,,.262
Memphis,32,20,12,.625,12.70,8.73,7,3,,,,,2402,2225,,,,.345,.271,.527,51.0,58.7,,10.3,.497,17.0,,.233
Mercer,27,13,14,.481,-7.95,-4.40,7,5,,,,,1973,1996,,,,.349,.197,.505,49.9,57.2,,10.2,.470,16.4,,.238
Miami (FL),27,10,17,.370,5.15,9.19,7,11,,,,,1929,2004,,,,.374,.326,.512,48.2,64.9,,10.8,.491,18.3,,.224
Miami (OH),31,22,9,.710,4.79,-0.28,14,4,,,,,1971,1442,,,,.372,.345,.554,50.7,62.2,,5.1,.525,16.4,,.253
Michigan State,28,15,13,.536,13.67,7.92,7,11,,,,,2079,1908,,,,.343,.195,.562,54.5,59.1,,5.8,.543,18.7,,.221
Michigan,36,31,5,.861,22.03,11.89,15,3,,,,,2950,2586,,,,.362,.190,.555,55.2,51.9,,11.4,.532,17.4,,.237
Middle Tennessee,26,10,16,.385,-10.72,-5.02,5,11,,,,,1805,1910,,,,.308,.252,.516,50.6,51.6,,7.1,.490,18.5,,.204
Milwaukee,27,23,4,.852,1.48,-7.60,,,,,,,2152,1889,,,,.342,.311,.545,49.4,50.5,,6.4,.516,14.9,,.234
Minnesota,32,22,10,.688,16.80,9.22,9,9,,,,,2453,2174,,,,.380,.199,.545,53.2,56.3,,7.9,.516,17.2,,.254
Mississippi State,29,13,16,.448,1.32,6.72,5,11,,,,,2034,2149,,,,.311,.209,.520,49.0,62.6,,7.9,.492,19.5,,.209
Mississippi Valley State,28,13,15,.464,-5.64,-3.93,7,7,,,,,2289,2328,,,,.280,.281,.479,50.3,47.3,,6.8,.451,14.2,,.181
Mississippi,28,10,18,.357,-2.08,8.04,4,12,,,,,1991,2161,,,,.366,.224,.512,50.0,51.4,,9.9,.494,20.6,,.214
Missouri-Kansas City,27,15,12,.556,-1.41,-2.19,,,,,,,2142,2016,,,,.341,.253,.552,48.1,52.6,,7.0,.525,16.0,,.232
Missouri State,31,20,11,.645,7.05,2.40,11,7,,,,,1957,1813,,,,.447,.279,.545,49.6,62.7,,4.4,.507,16.4,,.306
Missouri,33,19,14,.576,13.38,9.11,5,9,,,,,2452,2234,,,,.435,.223,.523,52.6,59.6,,7.7,.499,16.6,,.264
Monmouth,28,11,17,.393,-10.07,-8.25,7,11,,,,,1806,1856,,,,.339,.207,.532,47.9,61.8,,9.7,.493,21.4,,.249


Montana State,27,9,18,.333,-9.46,-4.98,5,9,,,,,1820,1841,,,,.352,.176,.507,51.5,57.0,,8.2,.474,20.3,,.236
Montana,28,17,11,.607,-3.98,-5.34,8,6,,,,,1834,1723,,,,.395,.219,.508,53.1,62.0,,10.0,.479,18.3,,.248
Morehead State,27,6,21,.222,-18.94,-4.71,6,10,,,,,2023,2400,,,,.402,.379,.513,47.4,61.9,,2.6,.468,19.7,,.285
Morgan State,26,9,17,.346,-18.19,-10.51,9,7,,,,,1936,2136,,,,.354,.227,.483,48.1,53.5,,8.8,.459,20.6,,.209
Mount St. Mary's,28,13,15,.464,-10.52,-8.45,10,8,,,,,2012,2070,,,,.341,.299,.518,52.0,47.3,,6.5,.486,19.1,,.233
Murray State,30,18,12,.600,-3.68,-4.40,11,5,,,,,2536,2450,,,,.424,.253,.547,48.9,42.3,,9.0,.511,16.9,,.292
Navy,27,8,19,.296,-13.92,-6.92,5,9,,,,,1717,1879,,,,.387,.246,.491,53.6,62.6,,6.6,.453,20.8,,.256
Nebraska,31,20,11,.645,10.57,5.70,8,6,,,,,2497,2346,,,,.387,.237,.534,52.2,59.5,,9.3,.500,18.8,,.265
Nevada-Las Vegas,29,21,8,.724,11.17,3.07,13,5,,,,,2592,2357,,,,.422,.338,.589,49.0,59.1,,7.3,.559,15.4,,.296
Nevada,26,9,17,.346,-4.59,2.77,4,14,,,,,1944,2105,,,,.384,.289,.536,50.2,55.2,,6.1,.503,18.3,,.261
New Hampshire,27,6,21,.222,-13.98,-4.38,4,10,,,,,1678,1938,,,,.407,.270,.483,48.6,57.9,,5.8,.441,19.2,,.270
New Mexico State,34,26,8,.765,8.07,4.10,15,3,,,,,2615,2460,,,,.441,.223,.542,52.5,59.5,,6.4,.504,17.5,,.303
New Mexico,31,24,7,.774,8.96,3.30,13,5,,,,,2164,1960,,,,.365,.364,.549,49.7,58.5,,9.6,.528,15.9,,.232
New Orleans,30,26,4,.867,12.00,0.55,18,0,,,,,2175,1835,,,,.509,.149,.545,54.1,54.4,,11.8,.505,18.7,,.343
Niagara,30,23,7,.767,4.68,-4.02,11,3,,,,,2387,2126,,,,.410,.233,.575,48.8,58.3,,5.9,.536,18.7,,.303
Nicholls State,26,14,12,.538,-7.35,-4.47,11,7,,,,,2019,2040,,,,.406,.172,.502,49.8,53.5,,6.3,.461,17.6,,.274
North Carolina-Asheville,27,4,23,.148,-24.77,-9.21,2,14,,,,,1858,222,,,,.255,.394,.493,45.0,56.1,,4.6,.465,16.5,,.174
North Carolina A&T,27,14,13,.519,-13.54,-10.89,9,7,,,,,1891,1948,,,,.386,.227,.503,49.6,46.1,,8.1,.470,19.6,,.251
North Carolina-Greensboro,27,10,17,.370,-15.09,-10.01,0,0,,,,,1859,1996,,,,.395,.304,.532,50.7,49.8,,6.5,.497,21.1,,.268
North Carolina State,27,8,19,.296,1.73,10.62,2,14,,,,,1835,2072,,,,.268,.325,.506,50.3,55.8,,6.5,.486,17.7,,.168


North Carolina-Wilmington,28,17,11,.607,0.75,-1.60,6,8,,,,,2301,2192,,,,.449,.246,.570,47.4,62.3,,10.3,.539,17.4,,.305
North Carolina,38,34,4,.895,29.04,11.25,14,2,,,,,3272,2596,,,,.392,.188,.573,56.1,57.3,,8.8,.541,16.9,,.277
North Texas,26,5,21,.192,-11.56,-3.40,5,13,,,,,2049,2261,,,,.321,.329,.487,48.2,53.1,,-13.7,.454,16.6,,.214
Northeastern Illinois,27,11,16,.407,-9.91,-2.73,,,,,,,2109,2178,,,,.416,.219,.499,52.3,38.4,,6.9,.461,19.2,,.273
Northeastern,28,20,8,.714,-0.51,-6.62,12,2,,,,,2128,1953,,,,.331,.195,.508,54.1,44.3,,7.6,.477,15.7,,.223
Northern Arizona,26,10,16,.385,-10.47,-5.73,4,10,,,,,1807,1912,,,,.499,.274,.485,49.4,56.0,,7.1,.448,19.4,,.305
Northern Illinois,27,15,12,.556,-9.40,-5.56,10,6,,,,,1883,1911,,,,.350,.211,.487,52.0,47.2,,6.8,.447,17.0,,.243
Northern Iowa,27,12,15,.444,-3.12,2.00,8,10,,,,,1655,1778,,,,.387,.132,.508,50.3,42.1,,6.0,.471,20.9,,.261
Northwestern State,26,13,13,.500,-7.19,-5.65,7,11,,,,,2357,2250,,,,.426,.339,.548,49.1,68.8,,10.9,.520,18.2,,.279
Northwestern,27,8,19,.296,2.34,9.19,3,15,,,,,1911,2038,,,,.358,.180,.511,48.9,55.6,,6.2,.469,19.0,,.258
Notre Dame,27,9,18,.333,2.06,8.91,,,,,,,1713,1898,,,,.398,.281,.500,49.0,58.5,,6.0,.460,21.9,,.269
Ohio State,28,15,13,.536,11.89,10.93,8,10,,,,,1991,1965,,,,.374,.233,.531,49.0,55.2,,7.9,.497,18.0,,.258
Ohio,27,14,13,.519,-3.93,-3.23,11,7,,,,,1905,1905,,,,.463,.252,.548,52.8,59.0,,5.2,.501,19.4,,.333
Oklahoma State,29,20,9,.690,14.62,9.90,8,6,,,,,2246,2003,,,,.474,.215,.584,55.7,64.3,,6.7,.555,20.8,,.319
Oklahoma,32,20,12,.625,17.87,10.18,7,7,,,,,2850,2528,,,,.377,.249,.532,50.1,51.4,,8.1,.498,14.4,,.258
Old Dominion,29,21,8,.724,4.98,2.05,11,3,,,,,2445,2316,,,,.424,.252,.573,53.3,52.8,,9.9,.530,16.4,,.318
Oregon State,27,13,14,.481,8.47,9.07,9,9,,,,,1868,1818,,,,.397,.298,.532,48.5,64.8,,9.7,.493,19.2,,.280
Oregon,30,10,20,.333,1.82,8.63,3,15,,,,,2276,2366,,,,.424,.228,.529,48.2,58.1,,4.2,.490,19.6,,.290
Pacific,27,16,11,.593,4.77,1.69,12,6,,,,,1811,1719,,,,.399,.253,.528,48.7,57.3,,4.9,.505,17.3,,.248
Penn State,27,7,20,.259,0.90,9.23,2,16,,,,,1680,1915,,,,.366,.231,.494,48.1,52.2,,8.7,.456,18.3,,.247


Pennsylvania,27,22,5,.815,6.27,-3.14,14,0,,,,,1950,1686,,,,.306,.306,.531,50.8,55.7,,8.3,.507,14.7,,.204
Pepperdine,31,23,8,.742,3.82,-1.32,11,3,,,,,2237,1998,,,,.410,.223,.564,54.6,60.4,,9.2,.537,18.1,,.273
Pittsburgh,28,17,11,.607,9.74,9.06,9,9,,,,,2163,2144,,,,.418,.238,.526,52.8,54.2,,8.8,.492,18.1,,.276
Portland,27,9,18,.333,-12.54,-4.58,3,11,,,,,1868,2040,,,,.356,.268,.507,50.3,53.3,,5.9,.469,21.1,,.247
Prairie View,27,1,26,.037,-30.79,-3.01,0,14,,,,,2106,2762,,,,.351,.247,.476,47.1,53.2,,4.6,.447,20.5,,.215
Princeton,26,15,11,.577,-2.51,-4.71,7,7,,,,,1496,1421,,,,.416,.461,.602,45.8,57.5,,6.2,.579,17.9,,.283
Providence,33,20,13,.606,14.25,8.19,9,9,,,,,2337,2137,,,,.442,.254,.511,55.1,65.2,,9.3,.477,17.5,,.282
Purdue,28,18,10,.643,12.96,9.63,9,9,,,,,1986,1898,,,,.393,.190,.555,50.6,59.9,,5.3,.519,18.8,,.278
Radford,31,15,16,.484,-12.67,-7.96,8,8,,,,,2520,2570,,,,.344,.291,.548,47.8,51.5,,8.7,.515,18.7,,.247
Rhode Island,30,19,11,.633,9.50,6.40,8,6,,,,,2317,2224,,,,.453,.268,.531,51.5,50.7,,6.9,.484,16.4,,.324
Rice,28,18,10,.643,6.17,2.38,11,3,,,,,2170,2064,,,,.539,.242,.562,53.9,53.3,,3.8,.514,17.8,,.385
Richmond,27,15,12,.556,2.02,-0.24,10,4,,,,,1936,1875,,,,.397,.261,.570,48.8,58.1,,6.3,.537,18.2,,.280
Rider,30,19,11,.633,-5.61,-8.28,14,4,,,,,2202,2122,,,,.463,.220,.558,50.0,53.5,,7.1,.520,18.6,,.321
Robert Morris,27,9,18,.333,-11.90,-6.34,7,11,,,,,1800,1950,,,,.462,.195,.544,50.0,51.3,,6.2,.504,23.3,,.317
Rutgers,28,13,15,.464,6.90,6.38,6,8,,,,,2280,2217,,,,.406,.243,.536,50.6,47.4,,12.4,.499,17.4,,.280
Sacramento State,27,3,24,.111,-17.02,-1.48,,,,,,,1661,2079,,,,.269,.259,.458,42.7,55.5,,5.9,.431,19.9,,.171
Saint Francis (PA),27,9,18,.333,-12.89,-8.56,7,11,,,,,1807,1924,,,,.381,.295,.514,46.0,59.7,,8.0,.474,22.3,,.266
Saint Joseph's,29,18,11,.621,6.19,3.95,8,6,,,,,2083,2019,,,,.484,.284,.517,51.6,53.6,,6.5,.465,16.1,,.342
Saint Louis,29,12,17,.414,6.87,6.65,1,9,,,,,2019,1956,,,,.379,.252,.563,48.6,59.9,,5.0,.526,18.9,,.275
's (CA),27,11,16,.407,-8.40,-1.86,6,8,,,,,1661,1827,,,,.409,.308,.532,50.3,52.5,,7.0,.503,22.5,,.264


Saint Peter's,27,9,18,.333,-10.16,-5.16,3,11,,,,,2130,1893,,,,.318,.220,.524,51.2,60.4,,6.8,.494,18.3,,.217
Sam Houston State,25,6,19,.240,-14.23,-3.71,4,14,,,,,1913,2117,,,,.345,.301,.518,45.5,68.5,,5.1,.490,20.3,,.227
Samford,27,17,10,.630,-7.32,-9.92,7,5,,,,,1945,1812,,,,.485,.402,.601,48.3,55.3,,4.0,.560,18.2,,.360
San Diego State,29,8,21,.276,-7.33,4.71,3,15,,,,,1915,2175,,,,.418,.195,.495,51.4,50.9,,11.5,.453,20.7,,.281
San Diego,27,13,14,.481,-2.65,-1.48,7,7,,,,,1955,1932,,,,.384,.286,.544,51.0,54.5,,5.1,.519,19.4,,.248
San Francisco,31,19,12,.613,-1.28,-1.21,8,6,,,,,2419,2364,,,,.374,.273,.555,48.6,53.9,,5.1,.517,17.5,,.272
San Jose State,26,7,19,.269,-3.39,2.76,4,14,,,,,1677,1835,,,,.384,.176,.496,53.0,52.1,,5.5,.455,21.2,,.262
Santa Clara,31,19,12,.613,1.41,0.24,9,5,,,,,2136,2057,,,,.425,.332,.530,51.5,62.1,,4.4,.488,16.5,,.298
Seton Hall,35,28,7,.800,19.48,9.07,14,4,,,,,2725,2342,,,,.466,.262,.575,51.8,58.6,,10.6,.526,17.3,,.352
Siena,29,16,13,.552,0.73,-2.31,8,6,,,,,2078,1966,,,,.350,.297,.535,51.2,47.3,,7.6,.500,17.2,,.249
South Alabama,28,15,13,.536,4.84,1.91,9,9,,,,,2281,2199,,,,.429,.195,.525,53.2,53.5,,5.4,.488,17.8,,.287
South Carolina State,29,16,13,.552,-13.01,-12.53,9,7,,,,,2122,2115,,,,.440,.213,.538,51.8,45.6,,6.0,.500,18.6,,.300
South Carolina,27,9,18,.333,3.44,9.78,5,11,,,,,2080,2223,,,,.328,.215,.515,50.5,51.1,,10.6,.488,18.2,,.214
South Florida,27,8,19,.296,-1.67,3.66,2,10,,,,,1942,2086,,,,.332,.281,.514,48.9,58.1,,6.9,.480,17.1,,.231
Southeast Missouri State,27,16,11,.593,-7.07,-6.07,9,7,,,,,2179,2166,,,,.417,.249,.540,50.5,51.0,,6.0,.496,19.0,,.303
Southeastern Louisiana,27,12,15,.444,-12.57,-6.18,4,8,,,,,2071,2149,,,,.396,.218,.531,53.2,52.8,,5.3,.498,21.9,,.266
Southern California,30,18,12,.600,8.52,7.81,9,9,,,,,2144,2077,,,,.392,.417,.524,52.2,56.0,,5.2,.498,18.0,,.246
Southern Illinois,33,23,10,.697,9.33,2.14,12,6,,,,,2545,2276,,,,.416,.215,.539,54.7,48.9,,9.3,.501,17.2,,.288
Southern Methodist,28,20,8,.714,6.81,3.15,12,2,,,,,2272,2131,,,,.358,.292,.496,51.1,54.0,,8.1,.474,13.6,,.213
Southern Mississippi,27,10,17,.370,2.02,4.80,6,6,,,,,2140,2215,,,,.312,.323,.509,50.9,57.7,,7.0,.484,17.8,,.200


Southern Utah,27,14,13,.519,-4.60,-3.47,,,,,,,2055,1999,,,,.512,.151,.566,49.4,55.8,,3.1,.527,21.2,,.355
Southern,31,21,10,.677,2.01,-7.48,9,5,,,,,3011,2650,,,,.406,.286,.543,51.2,49.9,,7.8,.518,16.6,,.260
St. Bonaventure,27,10,17,.370,-0.27,3.46,0,14,,,,,1918,2022,,,,.464,.228,.506,50.8,52.8,,4.2,.458,19.4,,.319
St. Francis (NY),27,9,18,.333,-15.27,-7.86,8,10,,,,,1986,2186,,,,.349,.234,.511,47.9,48.6,,8.0,.480,21.0,,.231
St. John's (NY),30,19,11,.633,13.16,9.49,12,6,,,,,2261,2152,,,,.466,.141,.540,52.1,57.3,,5.7,.504,17.9,,.310
Stanford,30,7,23,.233,0.06,6.06,2,16,,,,,1989,2115,,,,.343,.272,.500,46.8,50.6,,6.4,.463,16.9,,.237
Stephen F. Austin,26,12,14,.462,-8.00,-5.08,8,10,,,,,1893,1940,,,,.376,.297,.545,52.9,44.2,,3.4,.515,19.5,,.254
Stetson,27,13,14,.481,-9.86,-8.53,6,6,,,,,2114,2126,,,,.448,.277,.563,49.5,43.3,,3.7,.523,17.3,,.320
Syracuse,29,20,9,.690,13.59,8.84,10,8,,,,,2303,2139,,,,.360,.247,.542,49.3,53.2,,14.0,.512,19.1,,.247
Temple,33,20,13,.606,12.93,10.23,8,6,,,,,2285,2196,,,,.375,.302,.516,48.4,43.3,,8.4,.488,13.1,,.240
Tennessee-Martin,26,7,19,.269,-15.53,-5.78,4,12,,,,,1800,2017,,,,.438,.282,.557,48.1,64.5,,4.5,.512,24.8,,.322
Tennessee State,29,19,10,.655,-1.13,-4.56,13,3,,,,,2282,2206,,,,.364,.310,.539,51.6,58.4,,9.9,.517,16.9,,.232
Tennessee Tech,28,15,13,.536,-7.63,-5.44,9,7,,,,,2440,2448,,,,.375,.338,.556,52.8,62.6,,2.7,.517,17.4,,.276
Tennessee,30,13,17,.433,7.82,8.75,4,12,,,,,2361,2389,,,,.343,.271,.550,50.8,49.8,,7.6,.513,18.4,,.253
Texas A&M,27,10,17,.370,0.92,3.73,5,9,,,,,1856,1932,,,,.440,.204,.534,50.1,64.4,,5.3,.501,19.0,,.289
Texas-Arlington,28,16,12,.571,-6.79,-3.51,10,8,,,,,2354,2364,,,,.399,.286,.561,51.3,53.2,,5.4,.542,18.5,,.250
Texas Christian,28,6,22,.214,-9.18,0.93,2,12,,,,,1815,2098,,,,.366,.272,.494,45.4,52.8,,5.0,.471,15.3,,.218
Texas-El Paso,34,21,13,.618,5.08,3.20,10,8,,,,,2421,2320,,,,.366,.227,.496,49.2,51.3,,8.7,.461,12.4,,.241
Texas-Rio Grande Valley,22,2,20,.091,-16.91,1.86,2,16,,,,,1393,1806,,,,.315,.279,.507,42.3,52.9,,4.5,.464,23.1,,.237
Texas-San Antonio,29,15,14,.517,-7.11,-3.31,10,8,,,,,2341,2397,,,,.343,.248,.539,50.6,60.5,,4.6,.502,17.9,,.249


Texas Southern,27,12,15,.444,-7.94,-3.11,8,6,,,,,2093,2162,,,,.509,.268,.529,49.7,48.4,,4.5,.497,17.9,,.321
Texas State,27,14,13,.519,-4.39,-4.71,9,9,,,,,1964,1917,,,,.421,.181,.531,55.0,50.8,,5.1,.507,17.0,,.261
Texas Tech,30,18,12,.600,2.91,1.56,6,8,,,,,2405,2325,,,,.447,.291,.562,52.7,61.5,,5.6,.530,18.1,,.304
Texas,28,11,17,.393,2.93,5.41,4,10,,,,,2291,2319,,,,.327,.281,.481,48.6,37.8,,9.7,.447,12.6,,.218
Toledo,28,12,16,.429,-6.50,-4.61,9,9,,,,,1871,1933,,,,.509,.304,.551,46.6,55.3,,6.1,.507,18.3,,.354
Towson,27,18,9,.667,-7.93,-8.78,14,2,,,,,2083,2046,,,,.472,.156,.527,50.9,44.5,,8.8,.479,17.5,,.334
Tulane,31,22,9,.710,8.13,2.39,9,3,,,,,2352,2155,,,,.418,.203,.511,51.1,55.3,,8.2,.481,17.2,,.264
Tulsa,29,15,14,.517,2.40,2.28,10,8,,,,,2228,2168,,,,.332,.324,.551,50.4,58.3,,3.9,.525,18.8,,.226
UCLA,33,22,11,.667,11.35,9.05,11,7,,,,,2587,2511,,,,.381,.165,.559,51.8,53.6,,11.7,.532,19.0,,.256
Utah State,27,10,17,.370,1.19,5.27,7,11,,,,,2093,2152,,,,.449,.261,.533,49.3,59.5,,7.7,.487,19.0,,.319
Utah,31,24,7,.774,13.34,2.27,15,3,,,,,2391,2039,,,,.344,.263,.587,53.4,62.5,,9.2,.547,16.3,,.272
Valparaiso,28,12,16,.429,-6.07,-4.89,7,9,,,,,2218,2234,,,,.315,.296,.571,45.2,56.9,,4.1,.535,16.8,,.244
Vanderbilt,34,28,6,.824,19.82,6.40,14,2,,,,,2822,2375,,,,.409,.323,.599,50.7,58.5,,6.6,.567,17.1,,.298
Vermont,27,10,17,.370,-14.26,-7.46,4,10,,,,,2029,2204,,,,.352,.367,.510,47.4,49.6,,5.2,.467,17.9,,.258
Villanova,27,8,19,.296,8.48,7.18,3,15,,,,,1907,1870,,,,.388,.257,.539,48.9,63.3,,9.6,.505,19.0,,.266
Virginia Commonwealth,30,20,10,.667,9.26,1.76,7,5,,,,,2379,2154,,,,.285,.302,.544,51.5,62.3,,9.4,.529,17.1,,.177
VMI,27,5,22,.185,-16.80,-5.03,3,15,,,,,1780,2058,,,,.342,.280,.486,46.1,48.7,,7.0,.445,18.8,,.241
Virginia Tech,28,10,18,.357,-2.09,2.13,1,11,,,,,1880,1969,,,,.361,.284,.491,46.0,51.5,,9.3,.451,17.3,,.248
Virginia,31,21,10,.677,14.60,9.76,9,7,,,,,2299,2149,,,,.371,.218,.509,52.5,56.9,,8.2,.477,16.6,,.242
Wagner,30,18,12,.600,-6.68,-8.94,12,6,,,,,2095,2029,,,,.402,.269,.539,49.2,64.4,,9.1,.508,19.6,,.269


Wake Forest,30,21,9,.700,16.82,9.32,10,6,,,,,2330,2105,,,,.392,.265,.578,53.5,59.1,,6.9,.544,17.7,,.283
Washington State,27,15,12,.556,11.63,5.63,9,9,,,,,1962,1762,,,,.360,.327,.567,52.5,57.7,,7.3,.534,17.6,,.262
Washington,27,13,14,.481,4.94,6.26,7,11,,,,,1919,1861,,,,.337,.220,.526,52.1,49.7,,10.3,.487,18.8,,.245
Weber State,28,20,8,.714,0.36,-3.89,10,4,,,,,2190,2051,,,,.448,.179,.553,52.9,56.9,,5.1,.521,20.6,,.299
West Virginia,29,17,12,.586,11.82,6.20,7,7,,,,,2216,2053,,,,.425,.179,.520,49.3,60.1,,11.0,.483,16.5,,.285
Western Carolina,27,6,21,.222,-14.58,-6.04,2,16,,,,,1868,2034,,,,.294,.288,.494,48.1,63.2,,8.6,.471,19.6,,.184
Western Illinois,27,7,20,.259,-12.30,-5.72,4,12,,,,,1976,2148,,,,.368,.294,.530,48.1,60.5,,7.9,.503,20.2,,.240
Western Kentucky,32,26,6,.813,15.22,1.75,14,4,,,,,2723,2293,,,,.416,.277,.553,53.1,52.5,,9.3,.529,17.8,,.267
Western Michigan,29,17,12,.586,-1.60,-2.32,12,6,,,,,1955,1920,,,,.395,.242,.529,47.5,51.5,,9.0,.492,18.7,,.273
Wichita State,27,10,17,.370,-1.39,4.30,7,11,,,,,1743,1880,,,,.345,.276,.528,50.4,57.5,,7.2,.500,21.6,,.228
William & Mary,27,14,13,.519,-2.51,-1.43,6,8,,,,,2025,2006,,,,.489,.287,.537,48.5,57.5,,6.2,.496,17.6,,.331
Winthrop,30,14,16,.467,-13.08,-11.40,5,11,,,,,2508,2518,,,,.388,.287,.551,50.6,54.6,,5.4,.520,17.6,,.265
Wisconsin,28,14,14,.500,8.08,6.72,7,11,,,,,2156,2118,,,,.296,.325,.539,46.6,51.5,,7.0,.515,17.1,,.200
Wright State,30,20,10,.667,3.10,-5.97,10,6,,,,,2674,2352,,,,.394,.211,.589,54.5,55.5,,6.2,.556,17.9,,.286
Wyoming,28,13,15,.464,-0.60,1.28,7,11,,,,,1925,1947,,,,.435,.189,.515,50.4,51.4,,13.9,.477,20.9,,.289
Xavier,30,24,6,.800,10.89,2.75,12,2,,,,,2230,1954,,,,.354,.205,.569,53.0,57.7,,10.0,.542,17.3,,.244
Yale,26,10,16,.385,-8.84,-7.08,6,8,,,,,1413,1444,,,,.380,.236,.494,51.2,53.3,,8.1,.464,20.5,,.238
Youngstown State,26,3,23,.115,-18.28,-5.98,1,15,,,,,1864,2184,,,,.437,.180,.479,46.0,51.1,,4.6,.440,17.8,,.276
