

Kentucky,SEC (East),,35,5,83.1,62.8,20.33,,9.20,,18.06,11.16,29.23,,,
Kansas,Big 12,,34,2,84.9,66.1,18.83,,7.94,,19.67,6.93,26.60,,,
Minnesota,Big Ten,,31,4,78.3,63.4,14.94,,9.20,,12.22,11.12,23.35,,,
North Carolina,ACC,,28,7,77.4,66.7,10.71,,12.09,,14.86,7.94,22.80,,,
Duke,ACC,,24,9,79.7,66.2,13.45,,9.27,,15.57,7.15,22.72,,,
Arizona,Pac-10,,25,9,83.9,73.3,10.62,,10.98,,17.59,4.01,21.60,,,
Wake Forest,ACC,,24,7,69.0,58.3,10.68,,10.53,,5.29,15.92,21.21,,,
Cincinnati,CUSA (Blue),,26,8,80.7,65.5,15.21,,5.44,,14.31,6.33,20.64,,,
Stanford,Pac-10,,22,8,80.9,69.0,11.87,,9.05,,12.71,7.02,19.73,,,
Maryland,ACC,,21,11,75.2,66.8,8.44,,9.30,,11.43,6.30,17.74,,,
Utah,WAC (Mountain),,29,4,74.4,61.7,12.76,,5.44,,6.44,11.12,17.56,,,
Clemson,ACC,,23,10,68.2,61.5,6.70,,10.72,,3.99,13.42,17.41,,,
University of California,Pac-10,,23,9,75.1,67.8,7.22,,10.03,,7.84,9.40,17.25,,,
Iowa,Big Ten,,22,10,72.3,63.7,8.63,,8.90,,7.87,8.97,16.84,,,
Michigan,Big Ten,,24,11,74.1,68.0,6.14,,10.53,,10.21,6.52,16.73,,,
Villanova,Big East (Big East 6),,24,10,75.1,67.9,7.15,,9.45,,9.30,7.33,16.64,,,
Rhode Island,A-10 (East),,20,10,80.7,70.6,10.10,,6.40,,15.36,1.14,16.50,,,
UCLA,Pac-10,,24,8,79.9,73.8,6.19,,10.29,,13.13,3.35,16.48,,,
Florida State,ACC,,20,12,73.4,66.8,6.63,,9.73,,9.23,7.13,16.36,,,
Xavier,A-10 (West),,23,6,83.2,72.3,10.86,,5.28,,16.17,-0.03,16.14,,,


Illinois,Big Ten,,22,10,76.5,68.7,7.84,,7.79,,10.41,5.23,15.64,,,
Tulsa,WAC (Mountain),,24,10,72.4,63.0,9.47,,5.52,,5.66,9.33,14.99,,,
Arkansas,SEC (West),,18,14,79.0,71.3,7.69,,6.99,,13.24,1.44,14.68,,,
Temple,A-10 (East),,20,11,66.3,60.6,5.65,,9.04,,0.94,13.74,14.68,,,
New Mexico,WAC (Mountain),,25,8,75.8,63.5,12.27,,3.67,,6.04,8.63,14.67,,,
West Virginia,Big East (Big East 6),,21,10,80.7,73.6,7.10,,7.38,,14.50,-0.02,14.47,,,
South Carolina,SEC (East),,24,8,74.1,66.7,7.44,,7.01,,8.58,5.81,14.39,,,
North Carolina State,ACC,,17,15,59.8,54.7,5.16,,10.87,,-5.51,19.77,14.26,,,
Providence,Big East (Big East 7),,24,12,76.5,70.1,6.39,,8.32,,9.80,4.38,14.18,,,
Virginia,ACC,,18,13,67.7,65.0,2.71,,11.38,,4.57,9.52,14.09,,,
Oklahoma,Big 12,,19,11,74.3,65.3,8.93,,5.03,,6.02,7.94,13.96,,,
Indiana,Big Ten,,22,11,72.6,68.1,4.55,,9.40,,9.79,4.16,13.95,,,
Oregon,Pac-10,,17,11,76.3,71.6,4.68,,9.40,,8.83,4.72,13.55,,,
Marquette,CUSA (Blue),,22,9,68.0,57.8,10.26,,3.18,,2.60,10.84,13.44,,,
Iowa State,Big 12,,22,9,67.5,60.4,7.13,,6.30,,-0.03,13.45,13.43,,,
Southern California,Pac-10,,17,11,79.6,76.3,3.29,,10.09,,13.12,0.26,13.38,,,
Wisconsin,Big Ten,,18,10,59.1,55.3,3.79,,9.41,,-4.87,18.07,13.20,,,
Connecticut,Big East (Big East 6),,18,15,65.8,60.8,4.91,,8.11,,-0.26,13.28,13.02,,,
Georgia,SEC (East),,24,9,72.0,65.9,6.06,,6.94,,6.45,6.54,13.00,,,
Saint Joseph's,A-10 (East),,26,7,71.2,66.0,5.24,,7.71,,5.62,7.33,12.96,,,


Syracuse,Big East (Big East 7),,19,13,74.9,69.0,5.91,,6.97,,8.40,4.48,12.88,,,
Texas Tech,Big 12,,19,9,80.1,74.3,5.79,,6.72,,12.85,-0.35,12.51,,,
Texas,Big 12,,18,12,76.3,73.5,2.87,,9.46,,9.98,2.35,12.33,,,
Purdue,Big Ten,,18,12,72.1,70.7,1.33,,10.91,,7.71,4.53,12.24,,,
Michigan State,Big Ten,,17,12,69.8,65.7,4.14,,7.94,,5.33,6.75,12.07,,,
Louisville,CUSA (White),,26,9,75.2,70.9,4.26,,7.76,,9.45,2.57,12.01,,,
Boston College,Big East (Big East 6),,22,9,74.4,69.1,5.23,,6.71,,9.16,2.77,11.94,,,
Vanderbilt,SEC (East),,19,12,69.5,65.5,4.06,,7.70,,4.17,7.30,11.47,,,
Mississippi,SEC (West),,20,9,69.0,63.5,5.52,,5.69,,2.80,8.54,11.34,,,
Georgetown,Big East (Big East 7),,20,10,69.4,62.9,6.57,,5.85,,3.00,7.88,10.88,,,
Illinois State,MVC,,24,6,74.2,65.7,8.53,,2.28,,6.70,4.10,10.81,,,
Charlotte,CUSA (White),,22,9,71.5,65.9,5.58,,5.18,,5.43,5.34,10.77,,,
Washington,Pac-10,,17,11,75.2,72.3,2.93,,8.09,,7.00,3.65,10.64,,,
Massachusetts,A-10 (East),,19,14,66.4,64.6,1.79,,9.13,,1.77,8.86,10.63,,,
George Washington,A-10 (West),,15,14,67.1,63.7,3.38,,6.98,,0.77,9.60,10.36,,,
Texas Christian,WAC (Mountain),,22,13,83.7,77.4,6.34,,4.00,,16.72,-6.38,10.34,,,
Colorado,Big 12,,22,10,73.1,69.6,3.50,,6.24,,5.91,3.83,9.74,,,
Nebraska,Big 12,,18,15,72.9,71.4,1.55,,8.15,,5.61,4.08,9.70,,,
Alabama,SEC (West),,17,14,69.9,64.7,5.16,,6.04,,2.00,7.67,9.67,,,
Notre Dame,Big East (Big East 6),,16,14,71.0,69.7,1.27,,8.16,,4.17,5.26,9.43,,,


Georgia Tech,ACC,,9,18,61.5,64.3,-2.85,,12.21,,-0.88,10.23,9.36,,,
Pittsburgh,Big East (Big East 7),,18,15,69.2,67.5,1.73,,8.81,,3.42,5.76,9.18,,,
Miami (OH),MAC,,21,9,73.4,65.0,8.37,,0.63,,1.83,7.17,9.00,,,
Missouri,Big 12,,16,17,73.9,72.2,1.79,,7.78,,6.88,2.08,8.96,,,
Hawaii,WAC (Pacific),,21,8,75.0,69.0,5.97,,2.77,,5.97,2.77,8.74,,,
Pacific,Big West (West),,24,6,72.9,60.0,12.87,,-2.43,,0.27,8.41,8.68,,,
Bowling Green State,MAC,,22,10,82.6,74.3,8.28,,1.56,,10.89,-2.40,8.49,,,
Ohio State,Big Ten,,10,17,69.9,70.1,-0.26,,8.66,,3.33,5.08,8.40,,,
St. John's (NY),Big East (Big East 6),,13,14,67.2,67.1,0.11,,8.27,,1.48,6.90,8.38,,,
Miami (FL),Big East (Big East 7),,16,13,65.1,62.8,2.28,,5.91,,-1.57,9.69,8.12,,,
Washington State,Pac-10,,13,17,74.8,74.1,0.67,,7.71,,7.38,0.68,8.06,,,
Bradley,MVC,,17,13,64.3,59.6,4.63,,3.39,,-3.71,11.73,8.02,,,
Tulane,CUSA (Red),,20,11,74.1,67.5,6.58,,3.00,,5.57,2.40,7.97,,,
Nevada-Las Vegas,WAC (Pacific),,22,10,73.1,68.8,4.28,,3.45,,2.65,5.08,7.73,,,
Butler,MW Coll,,23,10,69.7,60.7,8.94,,-0.16,,0.52,7.09,7.62,,,
Memphis,CUSA (White),,16,15,63.0,61.9,1.10,,6.46,,-2.12,9.67,7.56,,,
Oral Roberts,Ind,,21,7,75.2,64.6,10.57,,-1.85,,3.85,3.61,7.46,,,
Princeton,Ivy,,24,4,64.8,53.4,11.32,,-3.01,,-5.29,12.46,7.18,,,
New Mexico State,Big West (East),,19,9,79.8,71.6,8.18,,0.30,,9.56,-2.42,7.14,,,
Oklahoma State,Big 12,,17,15,69.4,69.5,-0.03,,6.98,,1.85,5.10,6.95,,,


Fresno State,WAC (Pacific),,20,12,82.8,78.2,4.56,,3.29,,12.44,-5.57,6.87,,,
Missouri State,MVC,,24,9,75.9,71.8,4.06,,2.49,,7.91,-1.36,6.55,,,
Virginia Tech,A-10 (West),,15,16,62.4,60.2,2.16,,5.10,,-6.07,12.47,6.40,,,
Wichita State,MVC,,14,13,67.2,63.0,4.22,,1.66,,-1.37,7.25,5.88,,,
College of Charleston,TAAC (East),,29,3,78.3,65.9,12.38,,-6.85,,4.32,1.54,5.85,,,
Northern Iowa,MVC,,16,12,71.3,69.5,1.75,,4.05,,4.79,1.01,5.80,,,
Florida,SEC (East),,13,17,74.0,72.7,1.30,,5.15,,6.36,-0.90,5.46,,,
Auburn,SEC (West),,16,15,66.3,65.1,1.26,,5.36,,-2.69,8.05,5.36,,,
St. Bonaventure,A-10 (East),,14,14,69.9,69.6,0.25,,5.04,,3.89,1.41,5.29,,,
Colorado State,WAC (Pacific),,20,9,75.2,69.7,5.48,,1.67,,4.51,0.58,5.09,,,
New Orleans,Sun Belt,,22,7,71.6,62.9,8.69,,-3.95,,-0.60,5.33,4.74,,,
Baylor,Big 12,,18,12,71.6,69.2,2.47,,2.98,,2.46,1.93,4.39,,,
Utah State,Big West (East),,20,9,68.6,61.4,7.21,,-0.98,,-2.59,6.84,4.25,,,
Eastern Michigan,MAC,,22,10,80.9,76.6,4.28,,1.66,,9.91,-5.77,4.14,,,
Ohio,MAC,,17,10,73.5,70.5,2.96,,1.58,,2.40,1.72,4.12,,,
South Alabama,Sun Belt,,23,7,66.2,56.6,9.60,,-4.51,,-8.26,12.29,4.03,,,
Canisius,MAAC,,17,12,62.8,56.9,5.97,,-1.97,,-8.15,12.14,4.00,,,
Creighton,MVC,,15,15,67.5,66.0,1.50,,2.41,,-1.68,5.59,3.91,,,
Louisiana State,SEC (West),,10,20,66.7,70.5,-3.80,,7.68,,-0.12,4.00,3.88,,,
Seton Hall,Big East (Big East 7),,10,18,68.1,73.2,-5.04,,9.24,,2.25,1.62,3.87,,,


Long Island University,NEC,,21,9,91.5,83.6,7.97,,-4.20,,19.48,-15.72,3.76,,,
Penn State,Big Ten,,10,17,60.5,65.9,-5.41,,9.16,,-2.84,6.59,3.75,,,
Old Dominion,CAA,,22,11,71.0,66.8,4.18,,-0.45,,1.08,2.65,3.73,,,
Nevada,Big West (East),,21,10,74.5,71.1,3.45,,0.49,,4.34,-0.62,3.72,,,
Valparaiso,Mid-Cont,,24,7,76.0,66.1,9.94,,-4.98,,1.68,2.03,3.71,,,
Drexel,AEC,,22,9,72.1,64.8,7.32,,-3.63,,1.06,2.63,3.69,,,
Iona,MAAC,,22,8,77.3,70.0,7.37,,-3.82,,7.34,-3.79,3.55,,,
Dayton,A-10 (West),,13,14,70.5,69.3,1.22,,2.32,,1.45,2.09,3.54,,,
Santa Clara,WCC,,16,11,70.9,68.6,2.37,,0.90,,1.94,1.33,3.27,,,
's (CA),WCC,,23,8,70.6,65.1,5.52,,-0.89,,-0.08,3.29,3.21,,,
Boise State,Big West (East),,14,13,66.0,62.1,3.85,,-0.77,,-4.85,7.93,3.08,,,
Alabama-Birmingham,CUSA (Red),,18,14,66.9,65.9,1.00,,2.06,,-2.06,5.12,3.06,,,
San Diego,WCC,,17,11,71.9,66.8,5.07,,-0.88,,0.71,2.10,2.82,,,
Southern Illinois,MVC,,13,17,72.8,73.4,-0.60,,3.41,,5.43,-2.62,2.81,,,
Evansville,MVC,,17,14,63.4,64.5,-1.16,,3.89,,-4.65,7.45,2.80,,,
Rutgers,Big East (Big East 7),,11,16,64.4,68.9,-4.44,,7.13,,-1.19,3.88,2.68,,,
Chattanooga,Southern (South),,24,11,76.6,65.2,11.40,,-5.21,,0.57,2.03,2.60,,,
Boston University,AEC,,25,5,67.3,62.0,5.37,,-2.84,,-4.26,6.79,2.53,,,
Texas A&M,Big 12,,9,18,65.0,68.2,-3.22,,5.66,,-2.44,4.87,2.43,,,
Texas-El Paso,WAC (Mountain),,13,13,67.2,66.7,0.46,,5.30,,-2.57,5.01,2.43,,,


Southern Methodist,WAC (Mountain),,16,12,68.3,65.6,2.64,,1.73,,-1.15,3.55,2.40,,,
East Carolina,CAA,,17,10,68.1,63.1,5.04,,-2.20,,-3.13,5.28,2.15,,,
Wyoming,WAC (Pacific),,12,16,72.3,72.5,-0.21,,2.68,,1.26,0.87,2.13,,,
La Salle,A-10 (West),,10,17,65.8,68.5,-2.67,,4.77,,-1.61,3.72,2.10,,,
Oregon State,Pac-10,,7,20,69.0,76.1,-7.04,,11.05,,1.28,0.82,2.09,,,
Arizona State,Pac-10,,10,20,72.7,74.4,-1.73,,7.04,,1.67,0.40,2.08,,,
Duquesne,A-10 (West),,9,18,73.3,77.4,-4.11,,6.15,,6.61,-4.57,2.04,,,
Rice,WAC (Mountain),,12,15,66.6,66.4,0.22,,3.83,,-3.87,5.91,2.03,,,
Virginia Commonwealth,CAA,,14,13,70.7,68.6,2.15,,-0.12,,1.36,0.66,2.03,,,
Mississippi State,SEC (West),,12,18,65.8,68.4,-2.63,,6.93,,-1.29,3.22,1.93,,,
Detroit Mercy,MW Coll,,16,13,66.2,62.0,4.14,,-0.60,,-3.98,5.89,1.90,,,
Northern Arizona,Big Sky,,21,7,77.7,69.4,8.29,,-5.17,,3.51,-1.64,1.87,,,
Tennessee,SEC (East),,11,16,57.2,61.6,-4.37,,6.22,,-9.63,11.47,1.85,,,
Ball State,MAC,,16,13,74.4,73.9,0.45,,1.47,,4.14,-2.34,1.79,,,
Kansas State,Big 12,,10,17,64.2,69.6,-5.41,,7.60,,-3.02,4.77,1.75,,,
Green Bay,MW Coll,,14,14,56.0,54.1,1.89,,-0.16,,-12.18,13.06,0.88,,,
Montana,Big Sky,,21,11,73.1,68.5,4.59,,-3.17,,-0.64,1.18,0.54,,,
Northwestern,Big Ten,,7,22,59.2,66.8,-7.55,,8.01,,-6.45,6.91,0.46,,,
Houston,CUSA (White),,11,16,73.0,74.6,-1.59,,3.08,,5.96,-5.61,0.36,,,
Southern Mississippi,CUSA (Red),,12,15,61.1,61.6,-0.52,,0.77,,-7.60,7.85,0.25,,,


Gonzaga,WCC,,15,12,72.4,68.6,3.81,,-1.85,,0.08,0.11,0.19,,,
Davidson,Southern (North),,18,10,75.2,68.3,6.93,,-3.97,,1.22,-1.22,-0.01,,,
Toledo,MAC,,13,14,71.9,70.6,1.26,,-0.07,,0.12,-0.15,-0.03,,,
Delaware,AEC,,15,16,75.0,70.7,4.23,,-2.92,,3.97,-4.10,-0.13,,,
San Francisco,WCC,,16,13,68.5,68.1,0.45,,-0.60,,-2.50,2.29,-0.21,,,
James Madison,CAA,,16,13,70.0,68.8,1.14,,-0.77,,-0.63,0.36,-0.27,,,
Richmond,CAA,,13,15,68.8,67.7,1.11,,-1.40,,-2.44,2.14,-0.30,,,
San Jose State,WAC (Pacific),,13,14,67.6,71.4,-3.85,,4.15,,-0.88,0.53,-0.35,,,
Western Michigan,MAC,,14,14,66.9,68.1,-1.21,,0.81,,-3.72,3.32,-0.40,,,
Dartmouth,Ivy,,18,8,68.8,61.0,7.81,,-7.76,,-3.10,2.66,-0.44,,,
Saint Louis,CUSA (Blue),,11,18,57.8,61.6,-3.79,,3.24,,-10.25,9.70,-0.55,,,
Cal Poly,Big West (West),,14,16,81.5,77.5,4.00,,-1.84,,8.59,-9.28,-0.69,,,
Louisiana Tech,Sun Belt,,15,14,66.0,62.4,3.59,,-3.71,,-6.57,5.82,-0.75,,,
Monmouth,NEC,,18,11,71.2,65.8,5.41,,-6.41,,-3.35,2.36,-1.00,,,
Akron,MAC,,8,18,70.5,71.9,-1.42,,0.98,,-1.24,0.06,-1.18,,,
Coppin State,MEAC,,22,9,79.1,72.5,6.58,,-7.80,,3.86,-5.08,-1.22,,,
Western Illinois,Mid-Cont,,19,10,75.6,69.4,6.10,,-5.71,,2.36,-3.66,-1.30,,,
Illinois-Chicago,MW Coll,,15,14,65.0,65.4,-0.38,,-1.16,,-3.96,2.42,-1.54,,,
Little Rock,Sun Belt,,18,11,74.3,69.4,4.86,,-4.09,,1.72,-3.29,-1.57,,,
Cal State Long Beach,Big West (West),,13,14,72.5,72.9,-0.37,,-1.22,,0.54,-2.13,-1.59,,,


Cal State Northridge,Big Sky,,14,15,75.8,73.5,2.31,,-2.87,,2.82,-4.66,-1.83,,,
North Carolina-Wilmington,CAA,,16,14,58.9,61.0,-2.10,,0.30,,-10.17,8.32,-1.84,,,
San Diego State,WAC (Pacific),,12,15,76.1,79.0,-2.96,,1.60,,5.83,-7.96,-2.13,,,
Hartford,AEC,,17,11,73.4,70.5,2.86,,-5.15,,2.31,-4.61,-2.29,,,
Harvard,Ivy,,17,9,69.7,62.9,6.77,,-7.95,,-3.36,0.73,-2.63,,,
Pennsylvania,Ivy,,12,14,66.9,68.3,-1.38,,-1.43,,-1.82,-0.99,-2.81,,,
Liberty,Big South,,23,9,68.2,62.3,5.94,,-6.95,,-7.57,4.72,-2.85,,,
Marshall,Southern (North),,20,9,79.8,74.9,4.90,,-6.70,,5.01,-8.00,-2.99,,,
Indiana State,MVC,,12,16,69.5,73.9,-4.39,,1.26,,0.19,-3.39,-3.20,,,
Loyola (MD),MAAC,,13,14,68.8,68.8,0.04,,-3.26,,-0.93,-2.29,-3.22,,,
Cal State Fullerton,Big West (West),,13,14,72.9,73.9,-1.00,,-2.41,,2.42,-5.83,-3.41,,,
Montana State,Big Sky,,16,14,76.3,75.3,1.00,,-3.27,,2.98,-6.45,-3.47,,,
Navy,Patriot,,20,9,72.3,67.4,4.86,,-7.04,,-2.29,-1.27,-3.56,,,
William & Mary,CAA,,12,16,65.4,67.1,-1.68,,-1.15,,-4.42,0.82,-3.60,,,
Weber State,Big Sky,,15,13,78.3,79.4,-1.14,,-2.46,,7.16,-10.81,-3.65,,,
South Florida,CUSA (Red),,8,19,59.7,65.9,-6.19,,2.23,,-8.32,4.36,-3.96,,,
Kent State,MAC,,9,18,68.8,73.1,-4.30,,2.73,,-2.77,-1.22,-4.00,,,
Buffalo,Mid-Cont,,17,11,71.5,69.3,2.21,,-6.31,,-2.40,-1.70,-4.10,,,
Bucknell,Patriot,,18,11,70.3,64.5,5.83,,-8.89,,-4.66,0.48,-4.18,,,
Murray State,OVC,,20,10,78.6,72.5,6.17,,-8.17,,0.73,-4.97,-4.24,,,


Lamar,Sun Belt,,15,12,74.4,71.1,3.30,,-4.33,,0.94,-5.40,-4.45,,,
Northeastern Illinois,Mid-Cont,,16,12,75.9,74.7,1.18,,-4.43,,2.14,-6.72,-4.58,,,
Florida International,TAAC (East),,16,13,77.2,72.8,4.34,,-8.99,,3.46,-8.10,-4.64,,,
Middle Tennessee,OVC,,19,12,78.3,73.1,5.23,,-6.11,,-0.29,-4.35,-4.64,,,
Western Kentucky,Sun Belt,,12,15,70.4,72.9,-2.48,,-1.12,,0.14,-4.80,-4.66,,,
Loyola (IL),MW Coll,,12,15,65.6,66.1,-0.52,,-3.46,,-4.83,0.10,-4.73,,,
Northern Illinois,MW Coll,,12,15,68.1,69.7,-1.59,,-2.16,,-2.20,-2.66,-4.86,,,
Air Force,WAC (Pacific),,7,19,67.9,72.1,-4.19,,1.15,,-4.52,-0.42,-4.94,,,
Austin Peay,OVC,,17,14,77.4,73.5,3.87,,-7.31,,1.66,-6.65,-5.00,,,
UC-Santa Barbara,Big West (West),,12,15,69.0,71.7,-2.63,,-0.94,,-2.38,-2.64,-5.02,,,
Fairfield,MAAC,,11,19,66.4,69.2,-2.80,,-2.31,,-2.98,-2.13,-5.11,,,
American,CAA,,11,16,67.8,71.1,-3.30,,-0.41,,-2.70,-2.48,-5.18,,,
McNeese State,Southland,,18,12,82.0,77.1,4.93,,-9.55,,4.67,-10.03,-5.37,,,
Hofstra,AEC,,12,15,65.3,67.0,-1.70,,-3.18,,-5.69,0.24,-5.45,,,
Arkansas State,Sun Belt,,15,12,73.6,73.0,0.67,,-4.48,,-0.87,-4.61,-5.48,,,
George Mason,CAA,,10,17,79.6,83.4,-3.81,,-1.70,,9.76,-15.27,-5.52,,,
Idaho State,Big Sky,,14,13,73.7,71.9,1.85,,-5.92,,-1.44,-4.19,-5.62,,,
North Texas,Big West (East),,10,16,66.9,70.2,-3.27,,0.18,,-3.64,-2.10,-5.74,,,
Pepperdine,WCC,,6,21,60.4,65.6,-5.11,,0.21,,-9.79,4.00,-5.79,,,
Fordham,A-10 (East),,6,21,61.6,71.3,-9.63,,3.81,,-6.37,0.55,-5.82,,,


DePaul,CUSA (Blue),,3,23,55.3,67.8,-12.50,,6.65,,-9.40,3.54,-5.85,,,
Appalachian State,Southern (North),,14,14,71.1,69.8,1.29,,-4.91,,-3.27,-2.64,-5.91,,,
Louisiana,Sun Belt,,12,16,73.4,76.6,-3.25,,-2.79,,2.63,-8.67,-6.04,,,
Idaho,Big West (East),,13,17,65.2,67.3,-2.10,,1.53,,-9.00,2.90,-6.11,,,
Mount St. Mary's,NEC,,14,13,72.0,72.4,-0.41,,-5.71,,-1.47,-4.64,-6.11,,,
Drake,MVC,,2,26,62.5,73.4,-10.82,,4.65,,-3.81,-2.36,-6.17,,,
Rider,NEC,,14,14,71.0,70.8,0.21,,-6.95,,-3.80,-2.45,-6.25,,,
Loyola Marymount,WCC,,7,21,68.4,74.6,-6.18,,1.07,,-2.13,-4.39,-6.52,,,
Portland,WCC,,9,18,67.1,72.4,-5.30,,-0.09,,-3.07,-3.54,-6.61,,,
Manhattan,MAAC,,9,18,60.5,64.0,-3.52,,-3.17,,-9.09,2.41,-6.69,,,
Cleveland State,MW Coll,,9,19,64.7,72.1,-7.39,,0.69,,-2.32,-4.39,-6.71,,,
Wright State,MW Coll,,7,20,65.3,70.7,-5.44,,0.29,,-3.20,-3.63,-6.83,,,
Colgate,Patriot,,12,16,71.6,72.1,-0.50,,-6.42,,-2.10,-4.82,-6.92,,,
Charleston Southern,Big South,,17,13,71.7,70.1,1.63,,-6.58,,-0.96,-5.98,-6.93,,,
Fairleigh Dickinson,NEC,,18,10,72.4,73.9,-1.57,,-5.46,,-1.16,-5.87,-7.03,,,
North Carolina-Asheville,Big South,,18,10,68.9,69.2,-0.25,,-5.41,,-4.27,-2.85,-7.11,,,
Saint Peter's,MAAC,,13,15,59.4,62.1,-2.79,,-4.55,,-11.85,4.51,-7.34,,,
Florida Atlantic,TAAC (East),,16,11,70.2,67.1,3.04,,-9.31,,-4.87,-2.56,-7.43,,,
Towson,AEC,,9,19,74.5,78.9,-4.39,,-3.12,,3.92,-11.44,-7.51,,,
Texas State,Southland,,16,13,70.5,69.4,1.07,,-7.73,,-5.77,-1.79,-7.55,,,


Louisiana-Monroe,Southland,,14,14,71.5,71.2,0.29,,-5.87,,-4.67,-2.90,-7.57,,,
Maine,AEC,,11,20,63.5,66.3,-2.77,,-3.32,,-7.25,-0.32,-7.57,,,
Cornell,Ivy,,15,11,64.5,63.4,1.08,,-6.89,,-8.75,0.94,-7.81,,,
Niagara,MAAC,,11,17,69.6,74.7,-5.07,,-2.77,,-0.61,-7.24,-7.85,,,
Southern Utah,Ind,,9,17,62.8,67.2,-4.38,,1.75,,-8.86,0.84,-8.03,,,
Saint Francis (PA),NEC,,12,15,69.8,70.9,-1.07,,-7.03,,-4.29,-3.81,-8.11,,,
Tennessee Tech,OVC,,15,13,75.8,72.8,2.93,,-7.85,,-1.62,-6.66,-8.27,,,
Siena,MAAC,,9,18,65.5,70.1,-4.67,,-3.88,,-5.08,-3.46,-8.54,,,
Citadel,Southern (South),,13,14,71.6,68.8,2.78,,-6.13,,-4.74,-4.05,-8.79,,,
Radford,Big South,,15,13,73.1,74.0,-0.89,,-6.13,,0.50,-9.33,-8.83,,,
Vermont,AEC,,14,13,68.6,70.7,-2.04,,-6.51,,-4.00,-4.86,-8.86,,,
Troy,Mid-Cont,,16,11,79.1,80.7,-1.59,,-7.04,,4.23,-13.31,-9.07,,,
North Carolina A&T,MEAC,,15,13,72.0,70.2,1.79,,-10.83,,-4.88,-4.75,-9.63,,,
North Carolina-Greensboro,Big South,,10,20,63.2,68.8,-5.60,,-4.14,,-8.40,-1.34,-9.74,,,
Southeast Missouri State,OVC,,12,18,71.8,75.5,-3.70,,-5.12,,-3.21,-6.84,-10.05,,,
Central Michigan,MAC,,7,19,72.2,80.8,-8.62,,-0.01,,1.71,-11.92,-10.21,,,
Missouri-Kansas City,Mid-Cont,,10,17,70.6,75.5,-4.96,,-3.25,,-2.58,-7.79,-10.37,,,
Youngstown State,Mid-Cont,,9,18,63.4,65.9,-2.41,,-7.10,,-12.09,1.61,-10.49,,,
Mississippi Valley State,SWAC,,19,10,83.2,78.6,4.59,,-12.99,,3.30,-13.85,-10.55,,,
Tennessee-Martin,OVC,,11,16,68.2,70.7,-2.52,,-7.04,,-8.56,-2.04,-10.60,,,


Northwestern State,Southland,,13,15,72.9,72.9,-0.04,,-9.34,,-4.94,-5.89,-10.82,,,
Milwaukee,MW Coll,,8,20,57.0,66.6,-9.57,,-0.61,,-11.79,0.73,-11.06,,,
Western Carolina,Southern (South),,14,13,73.7,74.5,-0.78,,-4.45,,-2.45,-8.63,-11.07,,,
Wagner,NEC,,10,17,72.3,76.7,-4.41,,-6.76,,-2.08,-9.09,-11.17,,,
Eastern Washington,Big Sky,,7,19,68.8,75.0,-6.12,,-3.69,,-5.24,-6.01,-11.25,,,
Samford,TAAC (West),,19,9,68.9,66.5,2.46,,-12.88,,-9.57,-1.74,-11.31,,,
Yale,Ivy,,10,16,63.1,66.6,-3.54,,-6.70,,-8.91,-2.47,-11.38,,,
VMI,Southern (North),,12,16,77.5,78.1,-0.61,,-4.77,,0.86,-12.27,-11.41,,,
Jackson State,SWAC,,14,16,71.3,74.9,-3.63,,-7.46,,-6.15,-5.34,-11.49,,,
Tennessee State,OVC,,9,18,73.6,79.1,-5.56,,-5.99,,-2.29,-9.25,-11.55,,,
South Carolina State,MEAC,,14,14,67.8,70.2,-2.39,,-9.40,,-7.81,-3.79,-11.60,,,
Central Connecticut State,Mid-Cont,,8,19,62.0,67.1,-5.11,,-6.91,,-12.47,0.45,-12.02,,,
Bethune-Cookman,MEAC,,12,16,71.2,71.8,-0.57,,-9.38,,-6.98,-5.07,-12.05,,,
Northeastern,AEC,,7,20,63.7,72.6,-8.85,,-3.36,,-8.72,-3.50,-12.22,,,
Coastal Carolina,Big South,,11,16,63.6,67.6,-4.00,,-6.67,,-8.99,-3.31,-12.30,,,
Eastern Illinois,OVC,,12,15,74.0,76.3,-2.37,,-7.62,,-2.05,-10.45,-12.50,,,
Furman,Southern (South),,10,17,66.0,70.0,-3.96,,-6.37,,-8.22,-4.59,-12.81,,,
Maryland-Eastern Shore,MEAC,,11,17,75.0,74.6,0.39,,-9.15,,-4.17,-8.87,-13.03,,,
Nicholls State,Southland,,10,16,78.3,81.4,-3.04,,-6.64,,1.94,-15.00,-13.06,,,
St. Francis (NY),NEC,,13,15,65.0,69.2,-4.18,,-9.13,,-10.22,-3.09,-13.31,,,


Brigham Young,WAC (Mountain),,1,25,59.5,79.3,-19.77,,6.45,,-7.26,-6.06,-13.32,,,
New Hampshire,AEC,,7,20,58.9,69.1,-10.22,,-3.30,,-12.66,-0.87,-13.53,,,
Columbia,Ivy,,6,20,62.3,70.2,-7.85,,-4.36,,-8.11,-5.66,-13.76,,,
Stephen F. Austin,Southland,,12,15,75.9,77.7,-1.89,,-8.12,,-2.47,-11.53,-14.00,,,
Jacksonville,Sun Belt,,5,23,74.1,86.9,-12.79,,-1.24,,4.86,-18.89,-14.03,,,
Brown,Ivy,,4,22,53.3,65.6,-12.35,,-2.13,,-16.52,2.05,-14.48,,,
Texas-San Antonio,Southland,,9,17,74.8,79.6,-4.73,,-8.28,,-1.05,-13.43,-14.48,,,
Holy Cross,Patriot,,8,19,67.2,73.6,-6.33,,-8.19,,-6.46,-8.06,-14.52,,,
Campbell,TAAC (East),,11,16,65.6,70.6,-5.07,,-7.22,,-9.34,-5.36,-14.70,,,
Hampton,MEAC,,8,19,67.3,72.3,-5.04,,-9.93,,-8.36,-6.61,-14.96,,,
Winthrop,Big South,,12,15,71.3,71.9,-0.63,,-7.05,,-4.96,-10.09,-15.05,,,
Stetson,TAAC (East),,9,18,62.2,66.7,-4.48,,-9.02,,-13.59,-1.47,-15.06,,,
Texas Southern,SWAC,,12,16,71.9,76.1,-4.14,,-10.00,,-4.32,-10.95,-15.27,,,
Texas-Arlington,Southland,,12,15,65.6,71.1,-5.52,,-8.18,,-12.18,-3.11,-15.30,,,
Robert Morris,NEC,,4,23,66.1,76.7,-10.59,,-4.75,,-7.70,-7.64,-15.34,,,
Wofford,Ind,,7,20,65.0,73.6,-8.67,,-4.07,,-7.91,-7.49,-15.40,,,
Sam Houston State,Southland,,8,18,64.6,74.6,-10.00,,-5.52,,-10.01,-5.52,-15.52,,,
Alcorn State,SWAC,,11,17,72.2,76.4,-4.25,,-10.17,,-5.44,-10.10,-15.54,,,
Morgan State,MEAC,,9,18,67.7,75.8,-8.07,,-7.61,,-6.65,-9.03,-15.68,,,
Lafayette,Patriot,,11,17,68.0,72.7,-4.75,,-7.25,,-6.30,-9.45,-15.75,,,


Jacksonville State,TAAC (West),,10,17,71.9,74.7,-2.78,,-12.51,,-6.67,-9.15,-15.83,,,
Georgia State,TAAC (West),,10,17,68.3,71.5,-3.19,,-11.37,,-9.18,-6.67,-15.85,,,
Morehead State,OVC,,8,19,81.7,86.9,-5.19,,-7.15,,3.69,-19.79,-16.11,,,
Marist,NEC,,6,22,64.2,73.7,-9.50,,-6.74,,-11.33,-4.92,-16.24,,,
Eastern Kentucky,OVC,,8,18,68.3,77.1,-8.77,,-7.17,,-8.26,-8.16,-16.41,,,
Army,Patriot,,10,16,70.0,74.7,-4.69,,-8.65,,-5.46,-11.31,-16.77,,,
Maryland-Baltimore County,Big South,,5,22,58.6,68.5,-9.96,,-6.27,,-15.15,-2.16,-17.31,,,
Texas-Rio Grande Valley,Sun Belt,,3,25,55.5,67.9,-12.43,,-2.60,,-16.88,-0.44,-17.33,,,
Florida A&M,MEAC,,8,19,68.9,77.9,-8.96,,-8.95,,-5.68,-12.24,-17.91,,,
Howard,MEAC,,7,20,71.7,81.6,-9.96,,-7.64,,-3.21,-14.70,-17.91,,,
Grambling,SWAC,,10,17,67.3,72.9,-5.59,,-11.55,,-10.77,-7.29,-18.07,,,
Centenary (LA),TAAC (West),,9,18,73.7,81.2,-7.52,,-8.09,,-3.00,-15.09,-18.09,,,
Central Florida,TAAC (East),,7,19,68.8,76.5,-7.65,,-8.76,,-5.61,-12.65,-18.26,,,
Delaware State,MEAC,,7,20,67.1,78.5,-11.37,,-7.09,,-7.74,-10.72,-18.46,,,
Southern,SWAC,,10,17,80.5,84.1,-3.59,,-11.38,,0.58,-19.14,-18.56,,,
Chicago State,Mid-Cont,,4,23,69.0,85.9,-16.85,,-2.22,,-2.33,-16.74,-19.07,,,
Southeastern Louisiana,TAAC (West),,10,18,73.4,79.0,-5.61,,-12.41,,-5.46,-13.83,-19.29,,,
East Tennessee State,Southern (North),,7,20,59.9,72.6,-12.78,,-4.17,,-14.39,-5.02,-19.41,,,
UC-Irvine,Big West (West),,1,25,58.2,79.5,-21.23,,1.09,,-12.09,-8.05,-20.14,,,
Georgia Southern,Southern (South),,10,18,61.5,72.0,-10.46,,-7.10,,-14.08,-6.52,-20.60,,,


Sacramento State,Big Sky,,3,23,59.7,78.0,-18.31,,-0.95,,-11.89,-8.80,-20.69,,,
Alabama State,SWAC,,8,21,63.4,76.6,-13.14,,-8.33,,-14.28,-7.52,-21.80,,,
Prairie View,SWAC,,10,17,72.1,81.0,-8.85,,-7.99,,-6.81,-15.14,-21.95,,,
Lehigh,Patriot,,1,26,64.7,82.1,-17.44,,-6.63,,-7.72,-16.35,-24.07,,,
Mercer,TAAC (West),,3,23,64.3,80.8,-16.42,,-10.61,,-12.55,-15.31,-27.86,,,
