

Duke,ACC,,32,4,85.6,64.1,21.50,,9.33,,18.43,11.13,29.56,,,
North Carolina,ACC,,34,4,81.9,65.6,16.29,,10.38,,17.15,9.52,26.67,,,
Arizona,Pac-10,,30,5,90.8,74.6,16.20,,8.38,,22.25,2.33,24.58,,,
Kentucky,SEC (East),,35,4,80.1,67.0,13.10,,9.85,,13.42,9.53,22.95,,,
Kansas,Big 12,,35,4,84.6,67.4,17.23,,6.54,,15.50,7.35,22.85,,,
Texas Christian,WAC (Pacific),,27,6,97.2,77.9,19.36,,2.54,,25.81,-3.68,22.13,,,
Connecticut,Big East (Big East 6),,32,5,76.6,63.9,12.78,,7.89,,9.33,11.35,20.68,,,
Purdue,Big Ten,,28,8,83.7,72.3,11.44,,9.23,,17.01,3.67,20.68,,,
Xavier,A-10 (West),,22,8,83.5,68.8,14.70,,4.76,,15.11,4.35,19.46,,,
Stanford,Pac-10,,30,5,80.2,68.3,11.91,,8.18,,10.98,8.03,19.00,,,
Maryland,ACC,,21,11,78.8,72.1,6.69,,12.10,,13.80,4.99,18.79,,,
Michigan,Big Ten,,25,9,77.4,67.2,10.18,,9.64,,10.38,8.41,18.79,,,
Michigan State,Big Ten,,22,8,73.4,64.0,9.40,,9.25,,7.43,11.22,18.65,,,
Cincinnati,CUSA (American),,27,6,76.1,63.2,12.88,,4.98,,7.93,9.92,17.85,,,
Iowa,Big Ten,,20,11,80.2,67.5,12.74,,6.04,,12.07,5.16,17.24,,,
Mississippi,SEC (West),,22,7,80.5,68.1,12.41,,7.07,,12.38,4.83,17.22,,,
Clemson,ACC,,18,14,72.2,65.3,6.84,,10.34,,6.41,10.78,17.18,,,
Utah,WAC (Mountain),,30,4,70.0,57.6,12.41,,4.87,,2.72,14.34,17.06,,,
West Virginia,Big East (Big East 6),,24,9,80.2,69.2,11.06,,6.95,,12.02,4.22,16.24,,,
Arkansas,SEC (West),,24,9,82.3,72.4,9.91,,5.78,,15.08,1.08,16.16,,,


Illinois,Big Ten,,23,10,69.7,63.5,6.24,,8.97,,3.44,11.78,15.21,,,
New Mexico,WAC (Mountain),,24,8,75.7,65.9,9.81,,5.08,,7.20,7.69,14.89,,,
Oklahoma State,Big 12,,22,7,78.9,69.2,9.66,,4.63,,6.65,7.64,14.29,,,
Indiana,Big Ten,,20,12,76.8,73.3,3.47,,10.71,,12.01,2.17,14.18,,,
Georgia,SEC (East),,20,15,75.8,71.7,4.09,,9.02,,8.07,5.04,13.11,,,
UCLA,Pac-10,,24,9,83.1,80.4,2.70,,11.01,,16.15,-3.11,13.05,,,
Florida State,ACC,,18,14,71.5,69.3,2.16,,10.77,,5.70,7.23,12.92,,,
Georgia Tech,ACC,,19,14,76.3,72.2,4.12,,8.70,,10.07,2.76,12.83,,,
Rhode Island,A-10 (East),,25,9,77.7,71.6,6.15,,6.43,,11.02,1.56,12.58,,,
South Carolina,SEC (East),,23,8,71.3,67.4,3.97,,8.77,,4.81,7.70,12.51,,,
Temple,A-10 (East),,21,9,65.7,60.7,5.00,,7.50,,-1.60,14.10,12.50,,,
Charlotte,CUSA (American),,20,11,73.6,68.2,5.48,,6.73,,7.81,4.40,12.21,,,
Massachusetts,A-10 (East),,21,11,69.7,65.0,4.72,,7.27,,2.81,9.18,11.99,,,
Minnesota,Big Ten,,20,15,72.3,68.7,3.63,,8.30,,5.93,6.00,11.93,,,
Syracuse,Big East (Big East 7),,26,9,70.9,67.0,3.89,,7.98,,3.89,7.98,11.86,,,
Vanderbilt,SEC (East),,20,13,74.8,70.2,4.67,,7.02,,7.98,3.70,11.68,,,
Princeton,Ivy,,27,2,66.5,51.6,14.93,,-3.60,,-3.10,14.65,11.55,,,
St. John's (NY),Big East (Big East 6),,22,10,72.9,68.2,4.75,,6.77,,5.28,6.01,11.28,,,
Tennessee,SEC (East),,20,9,75.9,70.6,5.24,,5.91,,7.92,3.23,11.15,,,
Hawaii,WAC (Pacific),,21,9,77.6,70.8,6.83,,4.27,,6.01,5.09,11.10,,,


Miami (FL),Big East (Big East 7),,18,10,70.1,65.6,4.50,,6.37,,1.89,8.98,10.87,,,
North Carolina State,ACC,,17,15,64.4,62.1,2.31,,8.53,,-2.97,13.81,10.84,,,
Gonzaga,WCC,,24,10,80.3,69.3,11.00,,1.87,,9.73,0.91,10.65,,,
Marquette,CUSA (American),,20,11,65.3,60.0,5.29,,5.26,,-2.07,12.61,10.55,,,
Penn State,Big Ten,,19,13,72.9,68.9,4.06,,6.41,,6.30,4.17,10.48,,,
Washington,Pac-10,,20,10,78.6,76.6,2.00,,8.32,,10.86,-0.54,10.32,,,
Western Michigan,MAC (West),,21,8,78.8,70.4,8.38,,1.91,,8.49,1.80,10.29,,,
George Washington,A-10 (West),,24,9,73.2,68.0,5.15,,4.76,,4.60,5.32,9.91,,,
Detroit Mercy,MW Coll,,25,6,74.6,63.1,11.52,,0.48,,3.30,6.56,9.86,,,
Illinois State,MVC,,25,6,76.2,69.1,7.16,,3.40,,6.62,3.01,9.63,,,
Wake Forest,ACC,,16,14,65.8,66.5,-0.73,,10.37,,0.83,8.81,9.63,,,
Saint Louis,CUSA (American),,22,11,67.3,63.3,3.97,,5.51,,-0.27,9.75,9.48,,,
Rutgers,Big East (Big East 7),,14,15,69.2,66.5,2.72,,6.74,,2.25,7.22,9.47,,,
Oklahoma,Big 12,,22,11,74.6,68.3,6.33,,4.18,,3.84,5.57,9.40,,,
Kansas State,Big 12,,17,12,74.6,68.6,5.97,,3.42,,5.49,3.90,9.38,,,
Illinois-Chicago,MW Coll,,22,6,74.6,66.1,8.54,,0.67,,6.59,2.62,9.20,,,
Fresno State,WAC (Pacific),,21,13,83.4,77.3,6.06,,5.48,,13.08,-3.91,9.17,,,
Florida,SEC (East),,14,15,76.1,73.6,2.55,,6.42,,7.67,1.31,8.97,,,
Southern Mississippi,CUSA (National),,22,11,69.2,62.3,6.85,,2.43,,-0.29,9.22,8.93,,,
Dayton,A-10 (West),,21,12,76.1,71.3,4.76,,4.04,,6.47,2.33,8.80,,,


Georgetown,Big East (Big East 7),,16,15,71.7,66.2,5.52,,5.99,,2.63,6.12,8.75,,,
Nebraska,Big 12,,20,12,71.6,68.5,3.06,,5.63,,3.40,5.30,8.70,,,
Iona,MAAC,,27,6,80.4,69.5,10.82,,-2.07,,7.41,1.14,8.56,,,
Pacific,Big West (West),,23,10,73.1,63.2,9.85,,-0.56,,0.86,7.64,8.51,,,
University of California,Pac-10,,12,15,70.3,69.5,0.85,,7.99,,0.50,7.87,8.37,,,
Memphis,CUSA (National),,17,12,74.2,71.7,2.48,,5.56,,6.92,1.12,8.04,,,
San Francisco,WCC,,19,11,73.2,66.3,6.93,,1.48,,3.20,4.76,7.97,,,
Arizona State,Pac-10,,18,14,84.5,84.0,0.47,,8.00,,15.35,-7.41,7.94,,,
Louisville,CUSA (American),,12,20,70.8,72.0,-1.13,,9.03,,4.61,3.30,7.90,,,
Mississippi State,SEC (West),,15,15,71.0,68.4,2.60,,5.13,,2.62,5.13,7.75,,,
Alabama,SEC (West),,15,16,69.9,69.0,0.94,,6.47,,0.68,7.06,7.73,,,
South Alabama,Sun Belt,,21,7,65.0,54.5,10.50,,-2.94,,-7.79,15.34,7.56,,,
Ball State,MAC (West),,21,8,78.4,69.1,9.28,,0.68,,6.66,0.80,7.46,,,
Auburn,SEC (West),,16,14,68.9,67.4,1.50,,5.95,,1.07,6.38,7.45,,,
Missouri State,MVC,,16,16,74.0,70.2,3.81,,3.63,,5.15,2.29,7.44,,,
Nevada-Las Vegas,WAC (Mountain),,20,13,69.5,66.6,2.88,,5.31,,1.45,5.95,7.40,,,
Wisconsin,Big Ten,,12,19,60.5,62.6,-2.03,,9.22,,-4.82,12.00,7.18,,,
Providence,Big East (Big East 7),,13,16,65.4,66.1,-0.69,,7.78,,-1.72,8.81,7.09,,,
Alabama-Birmingham,CUSA (National),,21,12,75.2,72.2,3.06,,4.67,,6.61,0.31,6.92,,,
Santa Clara,WCC,,18,10,73.2,68.0,5.25,,2.31,,3.43,3.40,6.83,,,


Murray State,OVC,,29,4,86.7,70.7,16.00,,-6.35,,10.98,-4.16,6.82,,,
Missouri,Big 12,,17,15,71.3,71.8,-0.59,,7.40,,3.12,3.69,6.81,,,
Villanova,Big East (Big East 6),,12,17,69.8,72.1,-2.31,,9.06,,3.45,3.30,6.75,,,
Eastern Michigan,MAC (West),,20,10,79.8,75.5,4.27,,2.67,,10.37,-3.67,6.70,,,
Northern Arizona,Big Sky,,21,8,80.2,67.4,12.83,,-5.19,,2.94,3.51,6.45,,,
Utah State,Big West (East),,25,8,72.0,64.8,7.12,,1.21,,-0.93,7.30,6.37,,,
Richmond,CAA,,23,8,70.0,61.9,8.03,,-1.68,,1.04,5.31,6.35,,,
Creighton,MVC,,18,10,75.0,69.9,5.07,,1.20,,6.17,0.10,6.27,,,
Tulsa,WAC (Pacific),,19,12,68.2,64.9,3.29,,3.03,,-2.58,8.84,6.26,,,
Seton Hall,Big East (Big East 7),,15,15,67.6,68.7,-1.10,,7.73,,1.04,5.21,6.24,,,
Colorado State,WAC (Mountain),,20,9,69.3,62.1,7.21,,1.55,,-1.49,7.63,6.14,,,
Virginia,ACC,,11,19,65.7,70.0,-4.30,,10.34,,0.28,5.76,6.04,,,
Oregon,Pac-10,,13,14,68.9,70.1,-1.26,,7.26,,-1.36,7.39,6.03,,,
Southern Methodist,WAC (Pacific),,18,10,76.5,70.3,6.21,,0.45,,4.75,0.89,5.63,,,
Akron,MAC (East),,17,10,75.3,67.6,7.74,,-0.66,,2.70,2.87,5.57,,,
Notre Dame,Big East (Big East 6),,13,14,70.2,71.0,-0.74,,6.28,,3.44,2.11,5.54,,,
Wyoming,WAC (Mountain),,19,9,63.8,59.1,4.64,,1.53,,-5.81,11.30,5.49,,,
Boston College,Big East (Big East 6),,15,16,69.9,70.9,-1.00,,6.48,,2.83,2.31,5.14,,,
Washington State,Pac-10,,10,19,71.8,72.0,-0.17,,7.82,,0.69,4.32,5.02,,,
Pepperdine,WCC,,17,10,69.8,65.9,3.93,,0.99,,-1.12,6.04,4.92,,,


Butler,MW Coll,,22,11,67.5,62.2,5.33,,2.76,,-2.38,7.24,4.86,,,
Oregon State,Pac-10,,13,17,70.7,69.8,0.90,,6.25,,-1.62,6.41,4.79,,,
Toledo,MAC (West),,15,12,70.6,64.8,5.81,,0.21,,-1.69,6.24,4.55,,,
Texas,Big 12,,14,17,79.5,81.4,-1.94,,6.46,,11.14,-6.62,4.53,,,
College of Charleston,TAAC (East),,24,6,70.1,55.4,14.67,,-9.02,,-6.68,11.13,4.44,,,
Bradley,MVC,,15,14,64.6,61.1,3.45,,2.11,,-5.25,9.46,4.22,,,
St. Bonaventure,A-10 (East),,17,15,65.8,65.1,0.69,,3.43,,-3.74,7.86,4.12,,,
Texas Tech,Big 12,,13,14,77.3,78.6,-1.30,,5.34,,7.09,-3.04,4.05,,,
Green Bay,MW Coll,,17,12,64.4,59.9,4.52,,-0.58,,-5.84,9.77,3.93,,,
New Mexico State,Big West (East),,18,12,75.0,69.0,6.03,,0.05,,2.24,1.50,3.74,,,
Miami (OH),MAC (East),,17,12,69.2,66.6,2.55,,1.94,,-2.52,6.14,3.62,,,
Indiana State,MVC,,16,11,69.4,66.6,2.81,,0.64,,-0.42,3.87,3.45,,,
William & Mary,CAA,,20,7,69.9,61.8,8.15,,-4.00,,0.07,3.25,3.31,,,
Virginia Tech,A-10 (West),,10,17,66.2,67.6,-1.44,,4.67,,-2.90,6.13,3.23,,,
Baylor,Big 12,,14,14,70.4,72.1,-1.71,,4.89,,-0.62,3.80,3.17,,,
Fairleigh Dickinson,NEC,,23,7,83.7,75.1,8.60,,-5.38,,9.43,-6.54,2.90,,,
Montana State,Big Sky,,19,11,80.0,69.9,10.13,,-3.97,,4.08,-1.34,2.75,,,
South Florida,CUSA (National),,17,13,65.8,66.3,-0.47,,3.16,,-2.70,5.39,2.69,,,
Pittsburgh,Big East (Big East 7),,11,16,73.6,76.9,-3.30,,5.96,,6.62,-3.96,2.66,,,
Long Island University,NEC,,21,11,96.9,86.8,10.19,,-2.06,,20.52,-17.92,2.60,,,


Florida International,TAAC (East),,21,8,87.3,79.1,8.21,,-5.67,,14.35,-11.81,2.54,,,
Boise State,Big West (East),,17,13,72.4,69.1,3.30,,-0.53,,-0.66,3.13,2.47,,,
Northwestern,Big Ten,,10,17,60.6,63.9,-3.26,,5.59,,-8.14,10.47,2.33,,,
Colorado,Big 12,,13,14,71.4,73.0,-1.56,,4.44,,2.71,-0.58,2.13,,,
Southern California,Pac-10,,9,19,75.0,80.4,-5.36,,7.49,,6.05,-3.92,2.13,,,
Idaho,Big West (East),,15,12,70.7,68.6,2.15,,0.73,,-1.44,3.53,2.09,,,
Ohio State,Big Ten,,8,22,65.9,72.8,-6.90,,8.72,,-0.99,2.82,1.82,,,
Southern Illinois,MVC,,14,18,70.8,70.6,0.25,,2.31,,6.86,-5.07,1.79,,,
Valparaiso,Mid-Cont,,23,10,73.9,68.4,5.55,,-2.66,,-0.21,1.97,1.75,,,
Evansville,MVC,,15,15,70.0,66.8,3.13,,-0.37,,-0.92,2.62,1.70,,,
Saint Joseph's,A-10 (East),,11,17,66.9,70.8,-3.89,,5.46,,-0.41,1.97,1.57,,,
Rider,MAAC,,18,10,70.4,65.9,4.57,,-3.31,,-2.16,3.42,1.27,,,
Arkansas State,Sun Belt,,20,9,74.8,70.5,4.31,,-3.11,,2.45,-1.25,1.20,,,
Louisiana State,SEC (West),,9,18,62.2,65.4,-3.15,,6.19,,-8.37,9.44,1.07,,,
Wichita State,MVC,,16,15,63.5,64.5,-0.94,,1.88,,-6.37,7.31,0.94,,,
Nevada,Big West (East),,16,12,77.0,75.7,1.32,,0.69,,6.26,-5.49,0.76,,,
Iowa State,Big 12,,12,18,63.7,67.7,-4.03,,6.00,,-6.36,7.11,0.75,,,
Niagara,MAAC,,14,13,72.3,70.4,1.93,,-1.41,,0.28,0.24,0.52,,,
Texas-El Paso,WAC (Mountain),,12,14,64.2,65.7,-1.50,,2.93,,-4.71,5.23,0.51,,,
North Carolina-Wilmington,CAA,,20,11,61.9,61.5,0.48,,-0.08,,-6.56,6.97,0.41,,,


Oral Roberts,Mid-Cont,,19,12,80.2,72.1,8.10,,-4.94,,5.61,-5.27,0.35,,,
Siena,MAAC,,17,12,83.3,80.1,3.24,,-2.95,,11.53,-11.23,0.30,,,
Texas A&M,Big 12,,7,20,75.0,77.4,-2.33,,2.36,,4.24,-4.22,0.02,,,
Boston University,AEC,,19,11,70.0,67.5,2.50,,-2.52,,-2.17,2.15,-0.02,,,
Brigham Young,WAC (Mountain),,9,21,63.5,69.8,-6.23,,6.08,,-1.39,1.23,-0.16,,,
Weber State,Big Sky,,14,13,72.5,71.3,1.19,,-1.13,,0.24,-0.45,-0.21,,,
Louisiana,Sun Belt,,18,13,75.4,73.5,1.81,,-1.45,,4.29,-4.61,-0.32,,,
Duquesne,A-10 (West),,11,19,72.4,77.7,-5.23,,4.67,,4.02,-4.58,-0.57,,,
Pennsylvania,Ivy,,17,12,71.6,69.3,2.21,,-2.84,,1.97,-2.61,-0.64,,,
Davidson,Southern (North),,20,10,71.3,66.2,5.03,,-3.74,,-2.05,1.34,-0.71,,,
New Orleans,Sun Belt,,15,12,69.3,67.1,2.11,,-2.99,,-2.46,1.58,-0.88,,,
Northern Iowa,MVC,,10,17,69.2,70.4,-1.15,,0.16,,-1.20,0.21,-0.99,,,
San Diego,WCC,,14,14,70.5,70.7,-0.21,,0.70,,-2.45,1.30,-1.15,,,
San Diego State,WAC (Pacific),,13,15,69.3,73.2,-3.96,,3.27,,-0.55,-0.66,-1.21,,,
Cal State Northridge,Big Sky,,12,16,84.1,80.1,4.07,,-3.26,,9.65,-11.00,-1.35,,,
Louisiana Tech,Sun Belt,,12,15,68.5,67.1,1.41,,-2.83,,-3.77,2.35,-1.42,,,
Middle Tennessee,OVC,,19,9,70.9,63.6,7.25,,-6.59,,-3.18,1.42,-1.76,,,
Hofstra,AEC,,19,12,73.7,70.3,3.42,,-4.48,,0.43,-2.21,-1.79,,,
Delaware,AEC,,20,10,73.0,70.4,2.67,,-3.42,,-0.33,-1.58,-1.92,,,
Youngstown State,Mid-Cont,,20,9,72.3,64.6,7.79,,-7.66,,-5.51,3.59,-1.92,,,


Rice,WAC (Pacific),,6,22,63.3,70.1,-6.79,,5.69,,-6.54,4.38,-2.16,,,
Coppin State,MEAC,,21,8,77.6,69.7,7.90,,-10.29,,1.33,-3.76,-2.42,,,
DePaul,CUSA (American),,7,23,59.2,68.8,-9.53,,7.50,,-6.07,3.64,-2.43,,,
Saint Mary's (CA),WCC,,11,15,75.2,79.2,-3.96,,1.73,,3.48,-6.03,-2.55,,,
Cleveland State,MW Coll,,12,15,64.6,70.5,-5.89,,3.26,,-2.14,-0.49,-2.63,,,
Vermont,AEC,,16,11,74.3,69.8,4.48,,-6.78,,0.16,-2.82,-2.66,,,
Old Dominion,CAA,,12,16,62.1,64.1,-2.04,,-0.67,,-7.48,4.78,-2.70,,,
Fairfield,MAAC,,12,15,70.2,71.3,-1.04,,-1.81,,-2.15,-0.70,-2.85,,,
Marshall,MAC (East),,11,16,69.7,69.4,0.26,,0.63,,-3.96,1.00,-2.97,,,
La Salle,A-10 (West),,9,18,71.4,78.2,-6.78,,3.78,,2.12,-5.12,-3.00,,,
Canisius,MAAC,,13,14,68.3,70.9,-2.63,,-0.48,,-4.12,1.05,-3.07,,,
Appalachian State,Southern (North),,21,8,72.0,66.1,5.93,,-5.81,,-2.78,-0.30,-3.08,,,
Loyola (MD),MAAC,,12,16,76.5,79.2,-2.64,,-0.55,,5.55,-8.74,-3.19,,,
Bowling Green State,MAC (East),,10,16,68.3,71.4,-3.08,,0.97,,-2.51,-0.69,-3.20,,,
Portland,WCC,,14,13,67.5,67.4,0.04,,0.30,,-6.52,3.26,-3.26,,,
East Carolina,CAA,,10,17,67.4,68.0,-0.52,,-1.30,,-2.13,-1.21,-3.34,,,
Fordham,A-10 (East),,6,21,65.3,72.4,-7.11,,3.73,,-3.79,0.41,-3.38,,,
Tulane,CUSA (National),,7,22,66.6,72.4,-5.79,,2.37,,-2.29,-1.13,-3.42,,,
Lamar,Sun Belt,,15,14,66.8,66.1,0.69,,-4.17,,-6.08,2.60,-3.48,,,
Cal State Fullerton,Big West (West),,12,16,73.4,74.5,-1.04,,-0.96,,1.58,-5.10,-3.52,,,


Montana,Big Sky,,16,14,68.4,66.4,2.00,,-3.47,,-6.71,3.00,-3.71,,,
Kent State,MAC (East),,13,17,69.4,72.3,-2.93,,0.68,,-2.36,-1.40,-3.76,,,
Drexel,AEC,,13,15,66.8,67.6,-0.86,,-2.91,,-5.30,1.54,-3.77,,,
Navy,Patriot,,19,11,71.1,64.7,6.37,,-7.49,,-5.03,1.25,-3.78,,,
Northern Illinois,MAC (West),,10,16,67.8,68.1,-0.23,,-1.87,,-5.50,1.58,-3.91,,,
North Carolina-Asheville,Big South,,19,9,71.5,66.9,4.64,,-5.90,,-3.96,-0.25,-4.22,,,
Wright State,MW Coll,,10,18,67.2,71.8,-4.61,,1.50,,-2.55,-1.80,-4.35,,,
Lafayette,Patriot,,19,9,74.9,68.0,6.86,,-8.18,,-0.73,-3.68,-4.41,,,
Hartford,AEC,,15,12,79.2,78.4,0.81,,-4.72,,5.79,-10.44,-4.64,,,
Austin Peay,OVC,,17,11,71.9,67.5,4.43,,-7.23,,-5.35,0.62,-4.73,,,
Manhattan,MAAC,,12,17,65.6,69.4,-3.83,,-0.88,,-6.77,2.03,-4.75,,,
Saint Francis (PA),NEC,,17,10,69.3,66.6,2.70,,-7.46,,-6.62,1.81,-4.81,,,
Eastern Illinois,OVC,,16,11,74.4,71.6,2.81,,-5.90,,0.42,-5.32,-4.90,,,
American,CAA,,9,19,61.6,65.6,-3.96,,-0.50,,-8.32,3.41,-4.91,,,
James Madison,CAA,,11,16,64.0,67.7,-3.70,,-1.29,,-5.69,0.69,-4.99,,,
Loyola (IL),MW Coll,,15,15,66.6,68.2,-1.63,,-1.34,,-5.29,0.29,-5.00,,,
Mount St. Mary's,NEC,,13,15,71.4,70.8,0.61,,-5.60,,-3.39,-1.61,-5.00,,,
Virginia Commonwealth,CAA,,9,19,63.8,67.1,-3.29,,-1.72,,-5.56,0.55,-5.01,,,
Radford,Big South,,20,10,75.7,72.1,3.63,,-8.69,,0.49,-5.52,-5.03,,,
Central Florida,TAAC (East),,17,11,76.1,71.4,4.71,,-7.94,,0.99,-6.09,-5.10,,,


Western Kentucky,Sun Belt,,10,19,65.7,69.7,-3.97,,-1.33,,-5.94,0.65,-5.29,,,
Nicholls State,Southland,,19,10,76.8,75.7,1.17,,-5.95,,2.11,-7.45,-5.35,,,
Georgia State,TAAC (West),,16,12,74.9,70.0,4.86,,-8.90,,-2.37,-3.03,-5.40,,,
Little Rock,Sun Belt,,15,13,67.4,69.0,-1.57,,-2.81,,-4.74,-0.66,-5.40,,,
Air Force,WAC (Mountain),,10,16,68.2,69.7,-1.54,,2.59,,-4.63,-0.88,-5.51,,,
St. Francis (NY),NEC,,15,12,71.4,69.6,1.85,,-6.88,,-3.23,-2.31,-5.54,,,
South Carolina State,MEAC,,22,8,74.4,70.0,4.40,,-10.23,,-2.52,-3.15,-5.68,,,
Texas State,Southland,,17,11,72.8,69.7,3.11,,-8.24,,-4.39,-1.30,-5.68,,,
Texas-San Antonio,Southland,,16,11,75.9,72.3,3.59,,-9.78,,-1.95,-4.00,-5.94,,,
Towson,AEC,,8,20,63.7,66.0,-2.29,,-3.69,,-9.55,3.58,-5.97,,,
Eastern Washington,Big Sky,,16,11,76.0,78.9,-2.85,,-3.13,,2.11,-8.29,-6.17,,,
Saint Peter's,MAAC,,8,19,69.0,72.3,-3.33,,-2.84,,-3.84,-2.33,-6.18,,,
Buffalo,Mid-Cont,,15,13,74.9,72.6,2.32,,-6.39,,-1.37,-4.83,-6.20,,,
George Mason,CAA,,9,18,62.9,68.5,-5.67,,-0.57,,-5.35,-0.89,-6.24,,,
Northeastern,AEC,,14,14,67.5,68.8,-1.25,,-5.34,,-5.84,-0.76,-6.59,,,
Southeast Missouri State,OVC,,14,13,73.2,71.8,1.37,,-5.53,,-1.13,-5.52,-6.65,,,
Bucknell,Patriot,,13,15,69.5,68.6,0.89,,-6.81,,-5.32,-1.49,-6.81,,,
Loyola Marymount,WCC,,7,20,73.9,81.8,-7.96,,1.58,,3.35,-10.19,-6.84,,,
Marist,MAAC,,11,17,69.3,72.9,-3.68,,-3.51,,-4.18,-3.00,-7.18,,,
Houston,CUSA (National),,9,20,63.6,72.9,-9.34,,3.10,,-5.10,-2.13,-7.22,,,


UC-Santa Barbara,Big West (West),,7,19,71.6,76.0,-4.46,,-0.21,,-2.08,-5.50,-7.58,,,
Jacksonville,Sun Belt,,8,19,65.8,70.9,-5.07,,-2.77,,-5.51,-2.33,-7.85,,,
Southern,SWAC,,14,13,86.4,80.3,6.07,,-11.15,,6.32,-14.17,-7.85,,,
UC-Irvine,Big West (West),,9,18,62.3,69.5,-7.26,,0.49,,-8.85,0.98,-7.87,,,
Cal Poly,Big West (West),,14,14,84.5,85.6,-1.11,,-3.47,,10.19,-18.14,-7.95,,,
Harvard,Ivy,,13,13,69.7,68.9,0.81,,-8.28,,-3.13,-4.95,-8.08,,,
Louisiana-Monroe,Southland,,13,16,78.0,81.0,-2.93,,-4.35,,2.64,-10.73,-8.10,,,
Western Illinois,Mid-Cont,,16,11,71.0,70.2,0.81,,-6.70,,-5.88,-2.25,-8.14,,,
Cal State Long Beach,Big West (West),,10,19,63.8,69.6,-5.79,,-2.73,,-9.99,1.47,-8.52,,,
Citadel,Southern (South),,15,13,65.3,62.2,3.14,,-9.02,,-10.59,2.07,-8.52,,,
Jackson State,SWAC,,14,13,69.9,67.9,2.00,,-6.85,,-7.91,-0.68,-8.59,,,
Chattanooga,Southern (South),,13,15,63.3,64.6,-1.36,,-4.83,,-8.93,0.23,-8.70,,,
Tennessee State,OVC,,13,16,71.2,70.7,0.48,,-5.71,,-5.64,-3.70,-9.34,,,
Samford,TAAC (West),,14,13,68.9,67.0,1.93,,-10.34,,-8.49,-1.02,-9.51,,,
Yale,Ivy,,12,14,65.1,67.0,-1.88,,-6.79,,-7.43,-2.28,-9.71,,,
Colgate,Patriot,,10,18,74.1,77.1,-2.96,,-6.76,,-0.30,-9.43,-9.73,,,
Texas Southern,SWAC,,15,16,75.1,76.0,-0.94,,-7.34,,-0.72,-9.10,-9.82,,,
Milwaukee,MW Coll,,3,24,61.1,73.0,-11.85,,1.96,,-7.02,-2.87,-9.89,,,
North Texas,Big West (East),,5,21,76.6,90.5,-13.92,,4.02,,6.90,-16.81,-9.91,,,
Northwestern State,Southland,,13,14,73.8,74.0,-0.19,,-7.79,,-4.26,-5.81,-10.07,,,


New Hampshire,AEC,,10,17,65.4,70.0,-4.52,,-4.54,,-7.07,-3.21,-10.28,,,
Western Carolina,Southern (North),,12,15,72.1,73.3,-1.22,,-6.36,,-2.69,-8.00,-10.69,,,
Maryland-Baltimore County,Big South,,14,14,70.6,71.1,-0.46,,-9.32,,-5.21,-5.75,-10.96,,,
Sam Houston State,Southland,,9,17,69.4,74.0,-4.58,,-6.40,,-5.91,-5.07,-10.98,,,
Ohio,MAC (East),,5,21,64.0,77.5,-13.50,,2.44,,-6.32,-4.74,-11.06,,,
Eastern Kentucky,OVC,,10,17,70.3,76.0,-5.78,,-4.95,,-4.09,-7.03,-11.11,,,
Missouri-Kansas City,Mid-Cont,,9,18,68.2,72.7,-4.52,,-5.33,,-6.65,-4.52,-11.17,,,
VMI,Southern (North),,14,13,75.4,74.9,0.56,,-5.66,,0.31,-11.57,-11.27,,,
Texas-Arlington,Southland,,13,16,71.7,74.1,-2.48,,-7.52,,-5.89,-5.48,-11.37,,,
Wagner,NEC,,13,16,73.4,76.4,-2.97,,-7.33,,-2.62,-8.93,-11.54,,,
East Tennessee State,Southern (North),,11,16,65.9,66.9,-1.04,,-8.36,,-10.04,-1.52,-11.56,,,
Central Michigan,MAC (West),,5,21,68.8,81.4,-12.65,,2.47,,-0.96,-10.61,-11.57,,,
Cornell,Ivy,,9,17,62.7,65.3,-2.69,,-8.20,,-9.96,-1.68,-11.64,,,
Centenary (LA),TAAC (West),,10,20,69.1,73.8,-4.73,,-7.42,,-8.01,-4.14,-12.16,,,
Robert Morris,NEC,,8,19,63.0,68.5,-5.48,,-6.12,,-12.56,0.28,-12.28,,,
Stetson,TAAC (East),,11,15,69.8,73.0,-3.19,,-8.25,,-6.38,-5.92,-12.30,,,
San Jose State,WAC (Pacific),,3,23,59.7,76.7,-17.08,,4.70,,-9.62,-2.80,-12.42,,,
Alcorn State,SWAC,,12,15,73.9,75.6,-1.63,,-8.29,,-3.61,-8.90,-12.51,,,
North Carolina-Greensboro,Southern (North),,9,19,63.7,70.9,-7.25,,-4.44,,-9.82,-2.86,-12.68,,,
Grambling,SWAC,,16,12,72.5,73.5,-1.00,,-9.80,,-8.31,-5.05,-13.36,,,


Columbia,Ivy,,11,15,57.2,62.2,-4.96,,-8.13,,-16.25,2.80,-13.45,,,
Maine,AEC,,7,20,71.1,76.6,-5.48,,-4.09,,-3.42,-10.22,-13.65,,,
Southern Utah,Mid-Cont,,7,20,68.9,76.0,-7.07,,-5.41,,-6.25,-7.64,-13.89,,,
Morgan State,MEAC,,12,16,72.6,77.8,-5.11,,-8.90,,-3.58,-10.35,-13.93,,,
Drake,MVC,,3,24,61.0,75.3,-14.33,,1.59,,-9.78,-4.28,-14.07,,,
Georgia Southern,Southern (South),,10,18,65.1,68.3,-3.14,,-6.92,,-10.41,-3.80,-14.21,,,
Stephen F. Austin,Southland,,10,16,71.5,78.2,-6.65,,-6.29,,-4.31,-10.06,-14.37,,,
Hampton,MEAC,,14,12,68.1,71.2,-3.15,,-11.46,,-9.01,-5.60,-14.62,,,
Liberty,Big South,,11,17,64.3,68.9,-4.64,,-8.21,,-10.54,-4.13,-14.67,,,
Furman,Southern (South),,9,20,61.7,67.4,-5.66,,-8.11,,-12.39,-2.76,-15.15,,,
Morehead State,OVC,,3,23,63.6,74.9,-11.31,,-3.85,,-8.64,-6.51,-15.15,,,
Dartmouth,Ivy,,7,19,56.7,65.2,-8.50,,-7.11,,-15.62,0.01,-15.61,,,
Lehigh,Patriot,,10,17,71.0,77.4,-6.37,,-7.45,,-5.03,-10.66,-15.69,,,
Wofford,Southern (South),,9,18,64.7,70.1,-5.41,,-4.85,,-9.58,-6.48,-16.06,,,
Florida A&M,MEAC,,11,17,71.3,75.6,-4.29,,-11.83,,-6.41,-9.71,-16.11,,,
Maryland-Eastern Shore,MEAC,,9,18,68.1,72.9,-4.78,,-11.39,,-9.15,-7.02,-16.17,,,
Norfolk State,MEAC,,6,21,66.0,75.8,-9.78,,-5.71,,-6.87,-9.37,-16.23,,,
Monmouth,NEC,,4,23,60.1,72.3,-12.15,,-4.22,,-14.34,-2.04,-16.37,,,
McNeese State,Southland,,7,19,69.9,77.9,-8.04,,-7.73,,-7.05,-9.40,-16.45,,,
Holy Cross,Patriot,,7,20,68.4,76.8,-8.33,,-8.24,,-6.58,-9.99,-16.58,,,


Tennessee-Martin,OVC,,7,20,63.3,74.1,-10.85,,-4.36,,-10.95,-5.76,-16.71,,,
Alabama State,SWAC,,11,17,68.4,73.7,-5.36,,-10.28,,-11.31,-5.47,-16.78,,,
Jacksonville State,TAAC (West),,12,14,75.3,79.3,-4.04,,-11.27,,-0.44,-16.41,-16.85,,,
Mississippi Valley State,SWAC,,6,21,73.7,82.3,-8.52,,-7.59,,-1.90,-15.06,-16.97,,,
Prairie View,SWAC,,13,17,72.5,80.1,-7.63,,-6.21,,-7.06,-10.07,-17.13,,,
Brown,Ivy,,6,20,56.8,68.2,-11.31,,-5.94,,-14.86,-2.39,-17.25,,,
Idaho State,Big Sky,,6,20,68.9,81.9,-13.00,,-4.05,,-5.48,-12.05,-17.53,,,
Central Connecticut State,NEC,,4,22,65.6,76.8,-11.19,,-6.29,,-9.72,-7.85,-17.57,,,
North Carolina A&T,MEAC,,8,19,68.5,75.1,-6.59,,-10.99,,-7.69,-10.30,-17.99,,,
Campbell,TAAC (East),,10,17,63.9,71.1,-7.22,,-7.74,,-11.65,-6.58,-18.24,,,
Texas-Rio Grande Valley,Sun Belt,,3,24,72.3,91.7,-19.41,,0.93,,3.14,-21.61,-18.48,,,
Tennessee Tech,OVC,,9,21,65.8,75.6,-9.83,,-6.38,,-11.28,-7.22,-18.50,,,
Southeastern Louisiana,Southland,,6,20,79.4,85.8,-6.35,,-8.91,,0.03,-18.77,-18.74,,,
Mercer,TAAC (West),,5,21,68.0,76.5,-8.54,,-8.72,,-9.42,-9.80,-19.22,,,
Florida Atlantic,TAAC (East),,5,22,61.9,78.1,-16.19,,-3.22,,-11.13,-8.13,-19.26,,,
Coastal Carolina,Big South,,8,19,62.0,69.2,-7.15,,-9.25,,-14.15,-5.28,-19.43,,,
Winthrop,Big South,,7,20,63.4,70.8,-7.37,,-8.54,,-14.03,-6.01,-20.04,,,
Howard,MEAC,,8,20,69.2,77.2,-8.00,,-12.22,,-8.72,-11.50,-20.22,,,
Army,Patriot,,8,19,64.1,75.1,-11.04,,-8.18,,-10.02,-10.35,-20.37,,,
Charleston Southern,Big South,,5,22,69.7,78.8,-9.04,,-8.29,,-5.30,-15.11,-20.41,,,


Northeastern Illinois,Mid-Cont,,6,19,69.3,81.5,-12.16,,-6.00,,-6.26,-15.00,-21.26,,,
Sacramento State,Big Sky,,1,25,58.3,77.6,-19.23,,-2.05,,-15.18,-7.22,-22.40,,,
Delaware State,MEAC,,9,18,70.0,80.2,-10.22,,-10.04,,-9.10,-13.34,-22.44,,,
Troy,TAAC (West),,7,20,70.9,81.5,-10.67,,-9.88,,-5.84,-17.24,-23.08,,,
Chicago State,Mid-Cont,,2,25,68.0,89.7,-21.63,,-3.60,,-4.35,-20.88,-25.22,,,
Bethune-Cookman,MEAC,,1,26,60.9,79.2,-18.33,,-8.94,,-15.97,-11.38,-27.35,,,
