

Duke,ACC,,35,4,90.7,70.5,20.21,,11.98,,24.46,7.72,32.18,,,
Arizona,Pac-10,,28,8,81.3,66.3,15.00,,12.56,,15.68,11.16,26.84,,,
Stanford,Pac-10,,31,3,83.2,65.5,17.74,,9.86,,15.26,10.50,25.76,,,
Michigan State,Big Ten,,28,5,77.4,61.8,15.58,,9.54,,11.25,13.87,25.12,,,
Maryland,ACC,,25,11,85.2,72.4,12.83,,10.99,,18.04,5.79,23.82,,,
Illinois,Big Ten,,27,8,77.9,65.9,11.94,,11.38,,11.95,11.37,23.32,,,
Florida,SEC (East),,24,7,80.9,67.1,13.81,,7.51,,13.38,7.94,21.32,,,
Wake Forest,ACC,,19,11,76.5,66.5,10.03,,10.50,,9.36,11.17,20.53,,,
Kentucky,SEC (East),,24,10,79.8,70.6,9.21,,11.06,,13.86,6.41,20.27,,,
Kansas,Big 12,,26,7,82.0,69.3,12.76,,9.03,,14.69,5.54,20.23,,,
North Carolina,ACC,,26,7,79.1,70.9,8.18,,11.77,,12.83,7.12,19.95,,,
Virginia,ACC,,20,9,85.0,74.8,10.21,,8.72,,16.16,2.77,18.93,,,
Boston College,Big East (East),,27,5,79.6,66.5,13.06,,5.18,,10.71,7.28,17.99,,,
Indiana,Big Ten,,21,13,70.8,64.3,6.53,,11.05,,5.87,11.71,17.58,,,
UCLA,Pac-10,,23,9,79.5,74.4,5.06,,12.06,,13.68,3.44,17.13,,,
Arkansas,SEC (West),,20,11,79.9,68.8,11.10,,6.16,,11.08,5.53,16.61,,,
Southern California,Pac-10,,24,10,77.1,71.2,5.88,,10.83,,11.00,5.53,16.53,,,
Temple,A-10,,24,13,70.4,63.9,6.43,,9.77,,3.62,12.58,16.20,,,
Cincinnati,CUSA (American),,25,10,73.9,65.5,8.34,,7.84,,6.57,9.62,16.19,,,
Iowa State,Big 12,,25,6,79.1,68.2,10.84,,4.87,,10.00,5.91,15.90,,,


Ohio State,Big Ten,,20,11,71.2,63.6,7.52,,8.17,,5.32,10.37,15.68,,,
Fresno State,WAC,,26,7,81.5,71.0,10.52,,5.14,,13.08,2.57,15.66,,,
Oklahoma,Big 12,,26,7,74.4,64.3,10.06,,5.48,,5.71,9.83,15.54,,,
Tennessee,SEC (East),,22,11,80.8,75.6,5.21,,10.28,,14.57,0.91,15.49,,,
Mississippi,SEC (West),,27,8,71.3,64.6,6.69,,9.20,,2.80,12.25,15.05,,,
Wisconsin,Big Ten,,18,11,59.4,56.6,2.83,,12.08,,-5.24,20.14,14.90,,,
University of California,Pac-10,,20,11,74.3,68.6,5.68,,9.08,,7.43,7.34,14.76,,,
Purdue,Big Ten,,17,15,74.7,69.3,5.47,,9.23,,8.95,5.76,14.70,,,
Georgia Tech,ACC,,17,13,75.6,72.9,2.73,,11.78,,7.81,6.70,14.51,,,
Notre Dame,Big East (West),,20,10,77.9,69.3,8.67,,5.68,,10.30,4.05,14.35,,,
Texas,Big 12,,25,9,70.5,65.0,5.44,,8.89,,3.82,10.43,14.25,,,
Charlotte,CUSA (American),,22,11,78.3,71.9,6.33,,7.91,,11.62,2.62,14.24,,,
Iowa,Big Ten,,23,12,74.1,70.5,3.54,,10.70,,9.43,4.81,14.24,,,
Alabama,SEC (West),,25,11,76.7,68.9,7.75,,6.27,,8.69,5.33,14.02,,,
Providence,Big East (East),,21,10,76.1,66.1,10.00,,5.44,,6.75,6.99,13.74,,,
Tulsa,WAC,,26,11,76.8,68.6,8.14,,5.12,,7.25,6.00,13.26,,,
Memphis,CUSA (National),,21,15,75.1,67.9,7.17,,7.09,,7.89,5.31,13.20,,,
Mississippi State,SEC (West),,18,13,74.9,70.6,4.29,,8.69,,8.11,5.04,13.15,,,
Saint Joseph's,A-10,,26,7,79.5,71.3,8.27,,4.45,,10.61,2.11,12.72,,,
Georgia,SEC (East),,16,15,72.8,72.8,-0.03,,12.71,,6.88,5.80,12.67,,,


Gonzaga,WCC,,26,7,82.4,68.8,13.61,,0.32,,12.17,0.40,12.57,,,
Butler,MW Coll,,24,8,69.6,60.8,8.81,,3.98,,1.17,11.38,12.55,,,
Penn State,Big Ten,,21,12,76.8,74.9,1.88,,10.54,,13.03,-0.61,12.42,,,
Creighton,MVC,,24,8,72.7,63.3,9.41,,3.00,,3.67,8.74,12.40,,,
North Carolina State,ACC,,13,16,73.8,72.3,1.55,,10.80,,5.06,7.29,12.35,,,
Xavier,A-10,,21,8,73.4,65.9,7.55,,4.59,,5.55,6.59,12.14,,,
Georgetown,Big East (West),,25,8,78.0,67.5,10.48,,1.58,,7.00,5.07,12.07,,,
Texas Christian,WAC,,20,11,93.6,82.3,11.35,,1.79,,22.40,-10.51,11.89,,,
Auburn,SEC (West),,18,14,77.4,73.1,4.34,,7.14,,9.18,2.30,11.48,,,
Syracuse,Big East (West),,25,9,72.8,67.5,5.32,,5.82,,4.83,6.32,11.14,,,
Colorado,Big 12,,15,15,80.6,75.0,5.63,,5.65,,13.08,-1.98,11.10,,,
Arizona State,Pac-10,,13,16,73.1,71.0,2.10,,8.99,,6.36,4.73,11.09,,,
Southern Mississippi,CUSA (National),,22,9,70.2,62.5,7.74,,4.50,,0.16,10.81,10.97,,,
Brigham Young,MWC,,24,9,70.4,62.7,7.73,,3.47,,2.30,8.64,10.94,,,
Oklahoma State,Big 12,,20,10,71.0,64.5,6.43,,4.70,,2.41,8.40,10.81,,,
Missouri,Big 12,,20,13,75.5,72.8,2.76,,9.19,,7.84,2.91,10.76,,,
Louisiana State,SEC (West),,13,16,71.3,68.2,3.10,,7.58,,3.32,7.37,10.69,,,
South Florida,CUSA (National),,18,13,74.4,69.4,5.00,,5.49,,5.81,4.69,10.49,,,
Utah,MWC,,19,12,71.8,63.1,8.71,,6.14,,2.44,7.84,10.29,,,
Connecticut,Big East (East),,20,12,73.4,68.3,5.09,,5.43,,4.61,5.56,10.17,,,


Saint Louis,CUSA (American),,17,14,70.1,66.0,4.13,,5.90,,2.03,8.00,10.03,,,
South Carolina,SEC (East),,15,15,68.1,67.1,1.00,,9.03,,0.32,9.71,10.03,,,
Utah State,Big West,,28,6,70.7,57.6,13.09,,-1.50,,-1.33,11.30,9.97,,,
Pepperdine,WCC,,22,9,75.6,67.6,7.97,,1.77,,5.97,3.77,9.74,,,
Dayton,A-10,,21,13,71.1,67.5,3.59,,6.14,,3.40,6.33,9.73,,,
Minnesota,Big Ten,,18,14,72.8,72.2,0.66,,9.47,,7.24,2.19,9.44,,,
Richmond,CAA,,22,7,70.0,60.8,9.17,,-0.09,,0.25,8.84,9.08,,,
St. John's (NY),Big East (East),,14,15,90.5,72.7,17.79,,8.27,,5.71,3.31,9.03,,,
Wyoming,MWC,,20,10,76.1,70.6,5.50,,3.86,,9.54,-0.61,8.93,,,
Oregon,Pac-10,,14,14,78.1,77.3,0.82,,7.90,,10.92,-2.21,8.72,,,
Kent State,MAC (East),,24,10,70.3,62.3,8.03,,1.44,,0.35,8.34,8.69,,,
Western Kentucky,Sun Belt (East),,24,7,74.3,60.9,13.35,,-1.65,,1.40,7.27,8.67,,,
Vanderbilt,SEC (East),,15,15,70.6,70.7,-0.13,,8.93,,3.54,5.08,8.62,,,
George Washington,A-10,,14,18,77.2,75.1,2.06,,6.30,,8.91,-0.55,8.37,,,
Villanova,Big East (East),,18,13,76.6,74.9,1.71,,6.45,,8.86,-0.70,8.16,,,
Nebraska,Big 12,,14,16,71.1,69.5,1.60,,7.28,,3.43,4.51,7.94,,,
Massachusetts,A-10,,15,15,68.0,68.2,-0.17,,8.05,,0.75,7.13,7.88,,,
Southern Methodist,WAC,,18,12,76.9,71.8,5.03,,3.95,,5.25,2.60,7.85,,,
Detroit Mercy,MW Coll,,25,12,70.3,64.4,5.92,,2.44,,0.59,7.24,7.83,,,
Texas-El Paso,WAC,,23,9,80.3,74.6,5.72,,3.04,,8.43,-0.61,7.82,,,


St. Bonaventure,A-10,,18,12,74.4,71.2,3.20,,4.54,,5.12,2.62,7.74,,,
Miami (FL),Big East (East),,16,13,70.3,67.7,2.62,,4.92,,0.91,6.63,7.54,,,
Baylor,Big 12,,19,12,71.3,64.5,6.71,,2.60,,0.43,6.99,7.42,,,
Pittsburgh,Big East (West),,19,14,68.1,65.3,2.76,,5.19,,-1.03,8.40,7.38,,,
Toledo,MAC (West),,22,11,72.4,66.8,5.58,,1.44,,2.82,4.20,7.01,,,
New Mexico,MWC,,21,13,69.4,66.6,2.82,,5.27,,1.63,5.33,6.96,,,
Indiana State,MVC,,22,12,72.9,67.8,5.12,,2.50,,4.55,2.40,6.95,,,
Hawaii,WAC,,17,14,72.7,73.1,-0.35,,7.25,,3.63,3.27,6.89,,,
Marquette,CUSA (American),,15,14,65.6,65.4,0.17,,6.61,,-2.00,8.78,6.78,,,
Alabama-Birmingham,CUSA (National),,17,14,72.1,69.6,2.55,,4.08,,2.56,4.07,6.63,,,
Seton Hall,Big East (West),,16,15,74.4,73.9,0.45,,6.03,,5.87,0.61,6.48,,,
Illinois State,MVC,,21,9,75.2,69.8,5.40,,0.56,,5.34,0.62,5.96,,,
Cal State Northridge,Big Sky,,22,10,82.8,75.3,7.53,,0.24,,10.37,-4.43,5.94,,,
Colorado State,MWC,,15,13,69.0,63.4,5.64,,2.33,,-2.01,7.50,5.49,,,
Marshall,MAC (East),,18,9,76.4,69.7,6.67,,0.81,,4.88,0.62,5.49,,,
DePaul,CUSA (American),,12,18,72.3,74.0,-1.70,,8.02,,3.70,1.64,5.34,,,
Georgia State,TAAC,,29,5,79.4,68.7,10.71,,-3.72,,6.58,-1.34,5.25,,,
George Mason,CAA,,18,12,70.9,65.4,5.47,,-0.35,,1.84,3.28,5.12,,,
Hofstra,AEC,,26,5,72.8,62.2,10.58,,-5.47,,-2.55,7.66,5.11,,,
Ohio,MAC (East),,19,11,74.9,71.1,3.87,,1.51,,5.10,-0.31,4.79,,,


Rutgers,Big East (West),,11,16,65.3,65.8,-0.48,,5.23,,-2.58,7.33,4.75,,,
Miami (OH),MAC (East),,17,16,60.5,58.4,2.09,,2.54,,-8.61,13.25,4.63,,,
Nevada-Las Vegas,MWC,,16,13,75.8,74.8,1.03,,5.04,,7.61,-3.01,4.60,,,
San Diego,WCC,,16,13,69.8,64.7,5.14,,0.27,,-1.29,5.78,4.49,,,
Oregon State,Pac-10,,10,20,61.9,63.8,-1.90,,8.80,,-6.57,11.05,4.48,,,
San Jose State,WAC,,14,14,64.5,63.5,1.00,,5.56,,-4.97,9.23,4.26,,,
Kansas State,Big 12,,11,18,63.6,68.0,-4.45,,8.40,,-4.53,8.48,3.95,,,
Washington State,Pac-10,,12,16,66.9,70.3,-3.39,,7.04,,-1.28,4.92,3.64,,,
West Virginia,Big East (West),,17,12,73.8,73.8,-0.07,,3.95,,4.68,-1.23,3.45,,,
Northwestern,Big Ten,,11,19,60.0,64.5,-4.50,,7.88,,-7.86,11.25,3.38,,,
Valparaiso,Mid-Cont,,24,8,70.9,63.7,7.22,,-2.80,,-2.34,5.72,3.38,,,
Michigan,Big Ten,,10,18,70.8,78.2,-7.39,,11.39,,4.30,-1.10,3.21,,,
Florida State,ACC,,9,21,69.5,76.3,-6.80,,10.99,,1.76,1.44,3.20,,,
Bradley,MVC,,19,12,66.0,63.6,2.35,,1.75,,-3.51,6.66,3.15,,,
Ball State,MAC (West),,18,12,69.7,66.4,3.30,,0.30,,-0.21,3.34,3.12,,,
Southern Utah,Mid-Cont,,25,6,72.4,65.0,7.35,,-3.42,,-0.87,3.87,3.01,,,
Santa Clara,WCC,,20,12,69.9,69.4,0.50,,2.84,,0.74,2.17,2.91,,,
Milwaukee,MW Coll,,15,13,69.3,65.2,4.04,,2.16,,-0.20,3.05,2.85,,,
Louisville,CUSA (American),,12,19,69.5,75.4,-5.84,,8.67,,2.47,0.35,2.83,,,
Clemson,ACC,,12,19,74.1,79.7,-5.58,,8.31,,6.39,-3.67,2.73,,,


North Carolina-Wilmington,CAA,,19,11,61.4,58.4,3.03,,-0.57,,-8.24,10.71,2.47,,,
Southern Illinois,MVC,,16,14,73.0,72.2,0.77,,2.28,,4.20,-1.85,2.35,,,
Rice,WAC,,14,16,62.9,63.8,-0.97,,3.71,,-7.43,9.76,2.33,,,
San Diego State,MWC,,14,14,68.8,67.5,1.21,,2.71,,-1.58,3.83,2.25,,,
La Salle,A-10,,12,17,69.3,71.9,-2.52,,4.79,,0.05,2.15,2.21,,,
UC-Irvine,Big West,,25,5,70.3,64.3,6.00,,-2.58,,-3.92,6.04,2.12,,,
Cleveland State,MW Coll,,19,13,68.5,67.7,0.84,,1.56,,-0.77,2.82,2.06,,,
Bowling Green State,MAC (East),,15,14,75.9,72.8,3.17,,1.40,,4.64,-2.65,2.00,,,
Delaware,AEC,,20,10,75.1,67.1,7.93,,-6.04,,1.17,0.73,1.90,,,
South Alabama,Sun Belt (West),,22,11,68.5,64.6,3.97,,-0.91,,-2.42,4.21,1.80,,,
College of Charleston,Southern (South),,22,7,67.0,60.0,7.00,,-4.56,,-7.03,8.65,1.62,,,
Wright State,MW Coll,,18,11,71.1,66.9,4.21,,-1.09,,-0.25,1.66,1.41,,,
New Mexico State,Sun Belt (West),,14,14,74.3,68.8,5.46,,-2.57,,0.90,0.35,1.25,,,
Eastern Illinois,OVC,,21,10,82.7,78.7,4.03,,-2.46,,8.33,-7.33,0.99,,,
Central Michigan,MAC (West),,20,8,71.4,67.9,3.46,,0.02,,0.28,0.70,0.98,,,
Drake,MVC,,12,16,70.2,69.1,1.04,,-0.21,,0.13,0.69,0.83,,,
Nevada,WAC,,10,18,70.7,73.1,-2.36,,4.09,,0.44,0.32,0.76,,,
Siena,MAAC,,20,11,77.7,73.7,4.00,,-3.27,,3.73,-3.06,0.66,,,
Pacific,Big West,,18,12,68.8,63.9,4.90,,-1.07,,-4.38,5.01,0.63,,,
Fordham,A-10,,12,17,74.1,78.9,-4.79,,5.32,,5.49,-4.89,0.60,,,


Louisiana,Sun Belt (West),,16,13,76.8,74.5,2.24,,-0.46,,5.16,-4.59,0.58,,,
Missouri State,MVC,,13,16,63.8,65.4,-1.59,,2.19,,-5.01,5.58,0.57,,,
Iona,MAAC,,22,11,77.2,72.0,5.27,,-4.09,,4.53,-4.28,0.25,,,
Virginia Commonwealth,CAA,,16,14,73.1,72.2,0.90,,-0.27,,3.27,-3.12,0.15,,,
Texas Tech,Big 12,,9,19,68.5,73.9,-5.39,,5.49,,-0.47,0.59,0.12,,,
Eastern Washington,Big Sky,,17,11,71.8,68.8,3.04,,-0.76,,-2.57,2.62,0.05,,,
Illinois-Chicago,MW Coll,,11,17,67.9,71.5,-3.61,,3.55,,-0.31,0.25,-0.05,,,
Washington,Pac-10,,10,20,67.6,76.7,-9.17,,10.11,,1.31,-1.37,-0.06,,,
Old Dominion,CAA,,13,18,67.5,68.0,-0.45,,1.23,,-1.35,1.27,-0.08,,,
Holy Cross,Patriot,,22,8,67.8,62.3,5.53,,-5.84,,-7.05,6.74,-0.31,,,
Austin Peay,OVC,,22,10,78.4,74.9,3.53,,-3.26,,3.34,-3.87,-0.53,,,
Tennessee Tech,OVC,,20,9,79.2,71.9,7.31,,-3.40,,1.73,-2.36,-0.63,,,
Boise State,Big West,,17,14,72.2,71.9,0.23,,-0.21,,0.57,-1.27,-0.69,,,
Little Rock,Sun Belt (East),,18,11,70.9,63.8,7.14,,-3.63,,-2.55,1.76,-0.79,,,
Manhattan,MAAC,,14,15,71.8,68.7,3.07,,-3.89,,-2.04,1.22,-0.82,,,
Montana State,Big Sky,,16,14,75.2,72.8,2.47,,-2.92,,0.16,-1.25,-1.09,,,
Wichita State,MVC,,9,19,63.9,67.1,-3.25,,2.11,,-5.32,4.21,-1.10,,,
Weber State,Big Sky,,15,14,77.8,76.7,1.10,,-0.80,,6.77,-7.94,-1.17,,,
Louisiana Tech,Sun Belt (East),,17,12,68.3,64.4,3.90,,-3.87,,-4.90,3.67,-1.23,,,
Houston,CUSA (National),,9,20,65.4,71.7,-6.24,,4.91,,-2.14,0.81,-1.33,,,


McNeese State,Southland,,22,9,83.2,74.5,8.74,,-8.42,,7.55,-8.94,-1.39,,,
Missouri-Kansas City,Mid-Cont,,14,16,63.0,60.5,2.47,,-3.46,,-10.51,8.95,-1.57,,,
Navy,Patriot,,19,12,75.4,70.6,4.84,,-5.67,,2.64,-4.31,-1.67,,,
Evansville,MVC,,14,16,68.9,71.5,-2.67,,1.77,,-0.59,-1.09,-1.68,,,
Murray State,OVC,,17,12,79.9,78.9,0.97,,-1.51,,4.98,-6.71,-1.73,,,
Marist,MAAC,,17,13,70.6,68.6,2.07,,-3.94,,-3.78,1.91,-1.87,,,
Cal State Long Beach,Big West,,18,13,75.0,74.6,0.39,,-0.10,,4.41,-6.33,-1.92,,,
New Orleans,Sun Belt (West),,17,12,69.4,65.1,4.31,,-3.83,,-5.08,3.14,-1.95,,,
Idaho State,Big Sky,,14,14,74.1,73.0,1.07,,-1.41,,1.61,-3.72,-2.10,,,
Canisius,MAAC,,20,11,77.3,74.7,2.52,,-4.62,,3.25,-5.35,-2.11,,,
Chattanooga,Southern (South),,17,13,73.2,69.8,3.37,,-3.81,,-1.31,-0.82,-2.13,,,
Green Bay,MW Coll,,11,17,58.3,63.0,-4.71,,2.56,,-9.58,7.42,-2.15,,,
Texas A&M,Big 12,,10,20,69.4,76.6,-7.17,,5.95,,1.65,-3.84,-2.19,,,
Northern Arizona,Big Sky,,15,14,72.7,69.8,2.97,,-3.54,,-3.04,0.80,-2.24,,,
Princeton,Ivy,,16,11,57.9,58.1,-0.26,,-1.88,,-14.09,11.56,-2.53,,,
UC-Santa Barbara,Big West,,13,15,69.0,70.4,-1.39,,-0.75,,-0.24,-2.63,-2.87,,,
East Tennessee State,Southern (North),,18,10,72.6,65.2,7.46,,-6.12,,-4.02,0.97,-3.04,,,
Akron,MAC (East),,12,16,67.9,72.6,-4.75,,1.67,,-1.68,-1.41,-3.09,,,
Pennsylvania,Ivy,,12,17,66.4,66.8,-0.38,,-2.73,,-4.92,1.82,-3.11,,,
Duquesne,A-10,,9,21,70.5,77.6,-7.10,,3.96,,1.31,-4.45,-3.14,,,


Air Force,MWC,,8,21,57.5,63.0,-5.55,,1.99,,-11.61,8.04,-3.57,,,
Southeast Missouri State,OVC,,18,12,72.4,68.2,4.23,,-5.10,,-4.94,1.38,-3.57,,,
Youngstown State,Mid-Cont,,19,11,71.1,69.1,1.97,,-4.12,,-1.64,-2.01,-3.66,,,
Hampton,MEAC,,25,7,77.2,70.2,7.03,,-10.60,,2.25,-5.91,-3.67,,,
Winthrop,Big South,,18,13,65.7,61.8,3.87,,-7.80,,-9.76,6.03,-3.73,,,
Monmouth,NEC,,21,10,70.3,65.3,5.03,,-8.85,,-6.77,2.94,-3.82,,,
San Francisco,WCC,,12,18,68.3,72.2,-3.87,,0.81,,-2.60,-1.27,-3.87,,,
Drexel,AEC,,15,12,75.0,73.6,1.37,,-5.43,,0.82,-4.88,-4.06,,,
Samford,TAAC,,15,14,65.2,62.7,2.52,,-6.14,,-9.71,5.64,-4.07,,,
Arkansas State,Sun Belt (East),,17,13,73.0,72.3,0.70,,-2.76,,-0.36,-3.87,-4.23,,,
East Carolina,CAA,,14,14,72.1,73.0,-0.93,,-3.16,,1.87,-6.10,-4.24,,,
Wofford,Southern (South),,12,16,71.1,68.9,2.21,,-1.97,,-3.55,-0.88,-4.43,,,
Rider,MAAC,,16,12,72.2,71.8,0.39,,-4.97,,-1.70,-2.87,-4.58,,,
Maine,AEC,,18,11,78.4,75.6,2.76,,-6.51,,2.67,-7.36,-4.68,,,
Montana,Big Sky,,11,16,72.1,73.1,-1.04,,-2.06,,-1.30,-3.52,-4.82,,,
Troy,TAAC,,19,12,75.2,73.5,1.71,,-5.89,,0.80,-5.63,-4.83,,,
Niagara,MAAC,,15,13,75.0,76.3,-1.36,,-3.62,,1.12,-6.10,-4.97,,,
North Carolina-Greensboro,Southern (North),,19,12,73.6,71.9,1.68,,-5.85,,-0.23,-4.79,-5.02,,,
James Madison,CAA,,12,17,64.8,68.0,-3.21,,-1.85,,-5.48,0.43,-5.06,,,
Northern Iowa,MVC,,7,24,60.2,67.3,-7.13,,2.23,,-9.22,4.02,-5.20,,,


IUPUI,Mid-Cont,,11,18,70.9,69.2,1.69,,-3.37,,-3.88,-1.39,-5.26,,,
Boston University,AEC,,14,14,68.3,67.8,0.54,,-5.84,,-6.73,1.43,-5.30,,,
Virginia Tech,Big East (East),,8,19,65.6,74.7,-9.19,,3.81,,-3.37,-2.00,-5.37,,,
Maryland-Baltimore County,NEC,,18,11,77.9,73.8,4.14,,-9.66,,1.93,-7.45,-5.52,,,
Portland,WCC,,11,17,69.8,73.5,-3.71,,0.53,,-3.55,-2.09,-5.64,,,
William & Mary,CAA,,11,17,61.1,64.5,-3.32,,-2.42,,-9.25,3.50,-5.74,,,
Tulane,CUSA (National),,9,21,72.3,80.9,-8.60,,4.89,,3.47,-9.22,-5.75,,,
St. Francis (NY),NEC,,18,11,79.2,76.3,2.86,,-8.62,,3.25,-9.01,-5.76,,,
Jacksonville,TAAC,,18,10,70.1,63.7,6.36,,-8.31,,-6.88,1.04,-5.83,,,
Wagner,NEC,,16,13,82.5,78.5,4.00,,-9.86,,6.50,-12.36,-5.86,,,
Stetson,TAAC,,17,12,75.1,71.9,3.17,,-7.99,,-0.26,-5.73,-5.99,,,
Oakland,Mid-Cont,,12,16,74.6,78.6,-3.96,,-1.04,,3.85,-10.13,-6.28,,,
Rhode Island,A-10,,7,23,69.7,80.3,-10.63,,4.28,,-0.11,-6.27,-6.38,,,
Texas-Rio Grande Valley,Ind,,12,17,76.8,74.1,2.76,,-2.42,,-0.04,-6.38,-6.42,,,
Fairfield,MAAC,,12,16,73.9,76.8,-2.93,,-3.51,,0.27,-6.70,-6.43,,,
Georgia Southern,Southern (South),,15,15,76.5,75.4,1.17,,-5.50,,3.09,-9.67,-6.58,,,
Loyola (IL),MW Coll,,7,21,69.0,76.6,-7.61,,0.92,,-0.18,-6.51,-6.69,,,
Loyola Marymount,WCC,,9,19,66.8,72.3,-5.46,,-0.23,,-5.75,-1.00,-6.75,,,
Harvard,Ivy,,14,12,71.7,70.1,1.62,,-8.51,,-1.40,-5.49,-6.90,,,
Citadel,Southern (South),,16,12,68.8,66.2,2.61,,-6.00,,-6.82,-0.09,-6.91,,,


Western Michigan,MAC (West),,7,21,66.4,74.0,-7.57,,0.40,,-3.72,-3.45,-7.17,,,
Denver,Sun Belt (West),,10,18,67.4,70.6,-3.21,,-1.30,,-4.82,-2.48,-7.30,,,
South Carolina State,MEAC,,19,13,65.4,65.1,0.28,,-7.80,,-8.89,1.37,-7.51,,,
Tennessee State,OVC,,10,19,79.9,82.6,-2.72,,-3.25,,5.40,-12.99,-7.59,,,
Radford,Big South,,19,10,72.8,71.8,0.97,,-7.78,,-0.28,-7.39,-7.67,,,
Furman,Southern (South),,10,16,66.5,66.3,0.19,,-6.02,,-8.71,1.01,-7.70,,,
Mercer,TAAC,,13,15,70.0,70.9,-0.86,,-5.53,,-5.22,-2.49,-7.71,,,
Sam Houston State,Southland,,16,13,76.7,73.0,3.72,,-9.23,,0.42,-8.58,-8.16,,,
Cal Poly,Big West,,9,19,80.0,81.2,-1.14,,-1.33,,5.75,-13.98,-8.24,,,
Morehead State,OVC,,12,16,70.6,74.2,-3.61,,-4.22,,-4.61,-3.65,-8.25,,,
Davidson,Southern (North),,15,17,69.0,69.9,-0.94,,-3.65,,-5.46,-3.29,-8.76,,,
Central Connecticut State,NEC,,14,14,73.2,71.8,1.39,,-10.18,,-3.16,-5.63,-8.79,,,
Lafayette,Patriot,,12,16,75.4,75.4,-0.04,,-7.45,,1.77,-10.60,-8.83,,,
Alabama State,SWAC,,22,9,68.9,63.9,5.00,,-13.61,,-11.32,2.47,-8.86,,,
Brown,Ivy,,15,12,72.9,75.0,-2.15,,-6.78,,0.88,-9.81,-8.93,,,
Buffalo,MAC (East),,4,24,66.9,76.6,-9.71,,0.70,,-3.74,-5.28,-9.02,,,
Florida International,Sun Belt (East),,8,21,59.6,67.1,-7.59,,-0.70,,-12.08,2.92,-9.16,,,
Mississippi Valley State,SWAC,,18,9,80.0,75.9,4.04,,-12.72,,1.45,-10.61,-9.16,,,
Texas-San Antonio,Southland,,14,15,73.9,75.2,-1.31,,-7.76,,-0.21,-9.12,-9.33,,,
Stony Brook,Ind,,17,11,70.2,67.3,2.93,,-6.81,,-6.11,-3.31,-9.42,,,


Central Florida,TAAC,,8,23,70.4,74.3,-3.87,,-5.26,,-2.99,-6.47,-9.46,,,
Yale,Ivy,,10,17,64.6,68.3,-3.74,,-5.75,,-7.42,-2.07,-9.49,,,
Portland State,Big Sky,,9,18,70.7,77.5,-6.78,,-1.22,,-3.71,-5.79,-9.50,,,
Belmont,Ind,,13,15,76.2,78.6,-2.46,,-5.45,,0.40,-10.15,-9.75,,,
North Carolina-Asheville,Big South,,15,13,68.2,69.7,-1.46,,-7.67,,-5.28,-4.47,-9.75,,,
Tennessee-Martin,OVC,,10,18,72.2,74.1,-1.89,,-3.37,,-5.89,-4.00,-9.89,,,
Oral Roberts,Mid-Cont,,10,19,71.4,76.6,-5.17,,-2.63,,-1.31,-8.82,-10.13,,,
Lehigh,Patriot,,13,16,70.2,70.1,0.07,,-8.33,,-5.58,-4.72,-10.30,,,
Vermont,AEC,,12,17,73.2,77.6,-4.38,,-5.93,,-0.69,-9.62,-10.31,,,
American,CAA,,7,20,58.5,66.0,-7.52,,-2.81,,-13.05,2.72,-10.33,,,
Columbia,Ivy,,12,15,57.0,58.9,-1.93,,-7.51,,-17.50,6.71,-10.79,,,
Towson,AEC,,12,17,68.9,72.0,-3.17,,-7.67,,-6.62,-4.22,-10.84,,,
Colgate,Patriot,,13,15,70.7,71.6,-0.89,,-8.13,,-5.24,-5.62,-10.85,,,
Northwestern State,Southland,,19,13,71.6,74.9,-3.28,,-7.82,,-3.78,-7.32,-11.10,,,
Eastern Michigan,MAC (West),,3,25,59.7,70.4,-10.64,,-0.76,,-11.38,-0.03,-11.40,,,
Fairleigh Dickinson,NEC,,13,15,68.5,71.5,-2.96,,-8.45,,-7.91,-3.51,-11.42,,,
Northern Illinois,MAC (West),,5,23,66.6,77.1,-10.54,,0.68,,-4.83,-6.65,-11.47,,,
Northeastern,AEC,,10,19,73.4,81.2,-7.79,,-4.13,,-0.11,-11.81,-11.92,,,
Middle Tennessee,Sun Belt (East),,5,22,66.3,74.5,-8.22,,-2.11,,-6.59,-5.36,-11.95,,,
Alcorn State,SWAC,,15,15,74.8,76.1,-1.27,,-10.78,,-1.58,-10.40,-11.98,,,


Coppin State,MEAC,,13,15,64.5,67.1,-2.64,,-9.39,,-11.35,-0.69,-12.03,,,
Appalachian State,Southern (North),,11,20,64.7,70.5,-5.84,,-4.24,,-8.50,-3.64,-12.13,,,
Idaho,Big West,,6,21,63.7,73.8,-10.07,,-0.02,,-7.84,-4.34,-12.18,,,
Bucknell,Patriot,,14,15,65.8,70.4,-4.55,,-6.27,,-10.18,-2.01,-12.19,,,
Texas-Arlington,Southland,,13,15,73.2,76.0,-2.86,,-8.86,,-2.84,-9.64,-12.47,,,
Norfolk State,MEAC,,12,17,73.3,78.2,-4.90,,-7.74,,-1.09,-11.61,-12.70,,,
Nicholls State,Southland,,14,14,68.5,70.9,-2.32,,-8.68,,-7.56,-5.31,-12.86,,,
Western Illinois,Mid-Cont,,5,23,69.4,80.4,-10.96,,-1.70,,-1.86,-11.02,-12.88,,,
Centenary (LA),Ind,,8,19,68.7,75.4,-6.74,,-1.53,,-10.20,-2.89,-13.08,,,
VMI,Southern (North),,9,19,68.0,72.8,-4.79,,-6.41,,-6.21,-7.01,-13.22,,,
Cal State Fullerton,Big West,,5,23,59.2,70.1,-10.96,,-0.20,,-12.17,-1.07,-13.24,,,
Sacramento State,Big Sky,,5,22,70.6,78.1,-7.59,,-1.75,,-4.38,-8.87,-13.25,,,
Coastal Carolina,Big South,,8,20,70.9,77.6,-6.75,,-6.62,,-1.41,-11.97,-13.37,,,
Alabama A&M,SWAC,,17,11,73.4,74.6,-1.18,,-11.79,,-5.31,-8.15,-13.46,,,
Loyola (MD),MAAC,,6,23,62.0,70.9,-8.86,,-4.66,,-12.95,-0.58,-13.53,,,
Texas State,Southland,,13,15,70.1,71.8,-1.64,,-8.99,,-6.89,-6.70,-13.59,,,
Eastern Kentucky,OVC,,7,19,72.9,80.7,-7.85,,-2.73,,-1.80,-11.80,-13.60,,,
Liberty,Big South,,13,15,66.0,66.3,-0.32,,-9.70,,-10.52,-3.10,-13.62,,,
Saint Peter's,MAAC,,4,24,69.3,81.0,-11.68,,-2.04,,-3.63,-10.08,-13.72,,,
Stephen F. Austin,Southland,,9,17,59.7,61.3,-1.69,,-9.70,,-18.61,4.86,-13.75,,,


North Carolina A&T,MEAC,,13,17,68.4,70.9,-2.57,,-10.96,,-7.25,-6.57,-13.82,,,
Louisiana-Monroe,Southland,,11,17,72.3,76.8,-4.54,,-6.95,,-3.42,-10.68,-14.11,,,
Saint Francis (PA),NEC,,9,18,67.2,72.5,-5.33,,-8.88,,-9.28,-5.01,-14.29,,,
Dartmouth,Ivy,,8,19,63.7,69.7,-6.04,,-7.34,,-9.82,-4.56,-14.38,,,
Cornell,Ivy,,7,20,62.4,67.9,-5.41,,-7.52,,-10.90,-3.51,-14.40,,,
Long Island University,NEC,,12,16,67.8,73.6,-5.82,,-8.57,,-8.51,-5.89,-14.40,,,
Jacksonville State,TAAC,,9,19,65.0,73.5,-8.57,,-5.72,,-9.62,-4.81,-14.43,,,
New Hampshire,AEC,,7,21,72.6,82.1,-9.57,,-4.91,,-1.28,-13.20,-14.48,,,
Delaware State,MEAC,,13,15,63.8,67.9,-4.14,,-10.97,,-12.89,-2.22,-15.11,,,
Chicago State,Mid-Cont,,5,23,63.4,75.7,-12.29,,-1.29,,-8.88,-6.26,-15.14,,,
Western Carolina,Southern (North),,6,25,65.5,75.5,-10.03,,-4.35,,-8.05,-7.09,-15.14,,,
Southeastern Louisiana,Southland,,8,21,57.7,63.2,-5.48,,-8.58,,-18.96,3.57,-15.40,,,
Army,Patriot,,9,19,72.0,78.6,-6.64,,-7.65,,-4.26,-11.46,-15.73,,,
Florida Atlantic,TAAC,,7,24,68.4,81.3,-12.90,,-3.79,,-3.71,-12.36,-16.07,,,
Robert Morris,NEC,,7,22,67.7,76.5,-8.79,,-7.30,,-6.93,-9.16,-16.09,,,
Charleston Southern,Big South,,10,19,64.1,71.9,-7.79,,-7.06,,-10.69,-5.45,-16.14,,,
Southern,SWAC,,11,16,72.8,74.8,-2.00,,-14.44,,-6.58,-9.98,-16.55,,,
Campbell,TAAC,,7,21,65.0,74.4,-9.39,,-7.36,,-9.09,-7.66,-16.75,,,
Hartford,AEC,,4,24,65.0,76.1,-11.04,,-5.79,,-10.28,-6.55,-16.83,,,
Lamar,Southland,,9,18,62.8,69.4,-6.63,,-8.94,,-12.81,-4.01,-16.83,,,


Quinnipiac,NEC,,6,21,70.6,77.3,-6.67,,-9.43,,-6.07,-10.79,-16.86,,,
Mount St. Mary's,NEC,,7,21,63.5,72.1,-8.61,,-8.63,,-12.06,-5.17,-17.23,,,
Morgan State,MEAC,,6,23,67.4,74.7,-7.28,,-10.04,,-8.12,-9.20,-17.31,,,
North Texas,Sun Belt (West),,4,24,72.0,88.3,-16.29,,1.81,,0.53,-17.96,-17.43,,,
Bethune-Cookman,MEAC,,10,19,62.8,68.1,-5.31,,-10.37,,-14.73,-3.09,-17.81,,,
Elon,Big South,,9,20,64.6,71.2,-6.59,,-9.17,,-11.31,-6.61,-17.92,,,
Maryland-Eastern Shore,MEAC,,12,16,66.5,73.6,-7.14,,-9.66,,-10.38,-7.85,-18.23,,,
High Point,Big South,,8,20,60.0,68.0,-7.93,,-7.98,,-14.63,-3.63,-18.26,,,
Saint Mary's (CA),WCC,,2,27,61.3,80.4,-19.14,,3.12,,-9.59,-8.68,-18.27,,,
Jackson State,SWAC,,7,23,67.1,74.9,-7.83,,-10.35,,-10.03,-8.33,-18.35,,,
Albany (NY),Ind,,6,22,68.9,77.5,-8.61,,-8.67,,-6.58,-12.28,-18.87,,,
Sacred Heart,NEC,,7,21,66.8,78.6,-11.79,,-7.85,,-8.84,-10.80,-19.64,,,
Grambling,SWAC,,8,18,75.1,85.6,-10.46,,-10.18,,-1.56,-18.32,-19.88,,,
Howard,MEAC,,10,18,68.4,77.9,-9.54,,-10.37,,-7.25,-12.66,-19.91,,,
Texas Southern,SWAC,,7,22,64.4,75.6,-11.17,,-10.92,,-12.17,-9.06,-21.23,,,
Florida A&M,MEAC,,6,22,67.0,79.6,-12.64,,-10.22,,-7.85,-14.94,-22.79,,,
Prairie View,SWAC,,6,22,70.5,82.9,-12.36,,-11.11,,-7.70,-16.65,-24.35,,,
Arkansas-Pine Bluff,SWAC,,2,25,61.5,84.6,-23.11,,-8.23,,-15.30,-15.89,-31.20,,,
