

Duke,ACC,,31,4,88.9,69.2,19.74,,9.16,,21.31,7.60,28.91,,,
Cincinnati,CUSA (American),,31,4,78.2,60.4,17.80,,6.58,,11.59,12.79,24.38,,,
Kansas,Big 12,,33,4,90.9,74.7,16.22,,9.35,,22.92,1.46,24.38,,,
Maryland,ACC,,32,4,85.0,70.9,14.11,,9.38,,18.20,5.30,23.50,,,
Florida,SEC (East),,22,9,80.5,66.6,13.90,,8.37,,13.80,8.47,22.27,,,
Oklahoma,Big 12,,31,5,78.0,64.6,13.33,,7.70,,9.43,11.61,21.04,,,
Oregon,Pac-10,,26,9,85.5,72.5,13.03,,6.93,,17.05,2.62,19.67,,,
Illinois,Big Ten,,26,9,77.4,67.7,9.69,,9.94,,10.90,8.30,19.20,,,
Indiana,Big Ten,,25,12,70.5,62.6,7.86,,12.08,,5.53,13.66,19.19,,,
Kentucky,SEC (East),,22,10,76.9,68.2,8.66,,11.99,,9.72,9.43,19.15,,,
Marquette,CUSA (American),,26,7,73.1,60.7,12.39,,4.77,,4.34,12.83,17.16,,,
Stanford,Pac-10,,20,10,80.7,72.7,8.00,,9.03,,12.66,4.38,17.03,,,
Alabama,SEC (West),,27,8,75.9,66.7,9.26,,7.67,,9.51,7.41,16.93,,,
Arizona,Pac-10,,24,10,82.1,77.7,4.44,,12.49,,15.87,1.06,16.93,,,
Southern California,Pac-10,,22,10,77.9,69.8,8.19,,8.31,,9.90,6.59,16.49,,,
South Carolina,SEC (East),,22,15,68.3,61.6,6.70,,9.79,,1.15,15.16,16.31,,,
Ohio State,Big Ten,,24,8,73.8,64.9,8.88,,7.26,,8.59,7.54,16.14,,,
Connecticut,Big East (East),,27,7,77.8,69.2,8.59,,7.43,,9.33,6.69,16.02,,,
North Carolina State,ACC,,23,11,75.4,67.8,7.68,,8.17,,6.88,8.97,15.85,,,
Notre Dame,Big East (West),,22,11,78.8,68.4,10.45,,6.17,,11.07,4.63,15.70,,,


Memphis,CUSA (National),,27,9,80.0,68.8,11.17,,4.72,,11.41,3.88,15.29,,,
Wake Forest,ACC,,21,13,82.0,77.1,4.97,,10.28,,14.27,0.98,15.25,,,
Michigan State,Big Ten,,19,12,69.4,63.8,5.55,,9.60,,3.12,11.79,14.90,,,
Texas Tech,Big 12,,23,9,79.1,71.6,7.50,,7.22,,10.66,4.06,14.72,,,
Pittsburgh,Big East (West),,29,6,72.3,60.9,11.34,,4.55,,3.26,11.43,14.69,,,
Georgia,SEC (East),,22,10,76.4,71.0,5.41,,9.24,,10.38,4.29,14.68,,,
Mississippi State,SEC (West),,27,8,73.8,66.7,7.09,,7.33,,7.37,7.05,14.42,,,
Oklahoma State,Big 12,,23,9,71.7,64.1,7.59,,6.80,,2.61,11.78,14.39,,,
Texas,Big 12,,22,12,78.1,73.2,4.94,,9.98,,11.33,2.98,14.31,,,
Missouri,Big 12,,24,12,79.9,72.5,7.42,,6.81,,11.55,2.68,14.22,,,
Gonzaga,WCC,,29,4,81.1,66.6,14.55,,0.74,,8.89,5.01,13.90,,,
Xavier,A-10 (West),,26,6,72.4,62.6,9.81,,4.09,,4.58,9.32,13.90,,,
Kent State,MAC (East),,30,6,75.9,64.0,11.86,,2.10,,5.71,7.96,13.67,,,
Charlotte,CUSA (American),,18,12,73.5,68.6,4.93,,8.68,,7.52,6.10,13.61,,,
Mississippi,SEC (West),,20,11,72.0,64.3,7.71,,6.85,,4.50,9.11,13.61,,,
Virginia,ACC,,17,12,79.6,74.3,5.31,,7.90,,9.96,3.26,13.21,,,
Georgetown,Big East (West),,19,11,81.1,70.4,10.70,,4.22,,10.98,2.21,13.18,,,
UCLA,Pac-10,,21,12,75.0,72.7,2.36,,10.77,,8.49,4.65,13.14,,,
University of California,Pac-10,,23,9,72.2,66.6,5.63,,7.45,,4.30,8.78,13.08,,,
Miami (FL),Big East (East),,24,8,74.8,67.4,7.47,,5.52,,7.11,5.88,12.99,,,


Minnesota,Big Ten,,18,13,75.2,69.4,5.77,,7.05,,9.19,3.64,12.82,,,
Dayton,A-10 (West),,21,11,73.1,63.8,9.34,,3.38,,5.53,7.20,12.73,,,
Tulsa,WAC,,27,7,80.2,69.5,10.68,,2.30,,10.81,1.85,12.66,,,
Iowa,Big Ten,,19,16,72.6,68.1,4.49,,7.90,,7.24,5.15,12.39,,,
Arkansas,SEC (West),,14,15,74.9,72.7,2.17,,10.13,,9.40,2.87,12.27,,,
Louisville,CUSA (American),,19,13,76.0,71.6,4.34,,7.35,,8.92,2.78,11.70,,,
Syracuse,Big East (West),,23,13,72.3,66.8,5.53,,5.90,,5.01,6.42,11.43,,,
Tennessee,SEC (East),,15,16,71.7,70.8,0.90,,10.93,,6.31,4.89,11.19,,,
Butler,Horizon,,26,6,70.3,57.8,12.56,,-0.40,,0.11,11.03,11.14,,,
Villanova,Big East (East),,19,13,70.8,66.3,4.53,,6.18,,2.92,7.79,10.71,,,
Utah,MWC,,21,9,67.3,61.3,5.97,,5.18,,-0.69,11.37,10.68,,,
Temple,A-10 (East),,19,15,70.1,67.1,2.97,,7.61,,2.49,8.09,10.58,,,
Western Kentucky,Sun Belt (East),,28,4,77.8,64.7,13.19,,-0.28,,5.75,4.71,10.46,,,
Louisiana State,SEC (West),,19,15,68.4,64.0,4.35,,5.82,,0.40,9.84,10.24,,,
Wisconsin,Big Ten,,19,13,67.0,65.7,1.34,,9.22,,1.16,8.93,10.09,,,
Hawaii,WAC,,27,6,71.7,63.1,8.67,,1.15,,1.21,8.61,9.81,,,
Arizona State,Pac-10,,14,15,76.9,73.9,3.00,,6.79,,8.65,1.14,9.79,,,
Southern Illinois,MVC,,28,8,75.5,67.4,8.11,,1.67,,6.37,3.42,9.79,,,
Valparaiso,Mid-Cont,,25,8,77.7,66.1,11.64,,-1.24,,5.38,4.00,9.38,,,
Brigham Young,MWC,,18,12,70.5,65.0,5.47,,5.35,,1.92,7.43,9.35,,,


Boston College,Big East (East),,20,12,73.6,70.5,3.03,,5.91,,6.89,2.06,8.95,,,
Ball State,MAC (West),,23,12,78.0,71.9,6.11,,3.29,,7.90,0.97,8.87,,,
Wyoming,MWC,,22,9,75.0,68.7,6.29,,2.72,,6.38,2.24,8.62,,,
Pepperdine,WCC,,22,9,81.3,74.8,6.45,,3.36,,11.11,-2.53,8.59,,,
Georgia Tech,ACC,,15,16,76.5,76.6,-0.19,,8.66,,8.69,-0.22,8.47,,,
Creighton,MVC,,23,9,75.7,68.7,7.00,,1.38,,5.37,3.02,8.38,,,
Purdue,Big Ten,,13,18,71.1,71.5,-0.32,,8.57,,5.83,2.42,8.24,,,
Pennsylvania,Ivy,,25,7,73.2,63.7,9.47,,-1.51,,3.31,4.65,7.96,,,
South Florida,CUSA (National),,19,13,77.1,74.2,2.91,,4.95,,7.76,0.10,7.86,,,
St. John's (NY),Big East (East),,20,12,70.3,68.8,1.50,,6.30,,1.58,6.23,7.80,,,
Nevada-Las Vegas,MWC,,21,11,78.3,75.5,2.81,,4.88,,10.94,-3.26,7.69,,,
San Diego State,MWC,,21,12,74.4,70.9,3.52,,6.02,,5.40,2.28,7.69,,,
Bowling Green State,MAC (East),,24,9,74.7,67.8,6.85,,1.46,,4.44,3.24,7.68,,,
Louisiana Tech,WAC,,22,10,73.1,67.3,5.81,,2.52,,2.63,4.96,7.59,,,
Saint Joseph's,A-10 (East),,19,12,76.2,72.5,3.68,,3.33,,7.41,-0.40,7.01,,,
Auburn,SEC (West),,12,16,65.5,66.6,-1.07,,7.96,,-0.77,7.66,6.89,,,
Saint Louis,CUSA (American),,15,16,63.1,62.5,0.52,,6.34,,-4.32,11.17,6.85,,,
Fresno State,WAC,,19,15,73.0,70.3,2.68,,5.20,,5.34,1.44,6.78,,,
Vanderbilt,SEC (East),,17,15,71.6,72.4,-0.88,,7.58,,4.56,2.11,6.67,,,
New Mexico,MWC,,16,14,73.5,71.1,2.43,,3.86,,4.88,1.41,6.30,,,


Baylor,Big 12,,14,16,76.5,72.2,4.33,,5.08,,5.29,0.94,6.23,,,
Providence,Big East (East),,15,16,71.4,69.7,1.65,,4.54,,3.41,2.77,6.18,,,
Colorado,Big 12,,15,14,79.7,77.9,1.86,,4.99,,10.40,-4.23,6.16,,,
North Carolina-Wilmington,CAA,,23,10,67.9,61.6,6.24,,-0.09,,-1.99,8.15,6.15,,,
St. Bonaventure,A-10 (East),,17,13,80.5,78.1,2.47,,3.63,,13.06,-6.97,6.09,,,
Seton Hall,Big East (West),,12,18,70.5,70.8,-0.30,,6.65,,2.04,3.89,5.93,,,
Utah State,Big West,,23,8,67.0,58.1,8.90,,-1.70,,-3.44,9.07,5.63,,,
Northwestern,Big Ten,,16,13,59.6,59.1,0.48,,5.09,,-8.19,13.77,5.57,,,
Alabama-Birmingham,CUSA (National),,13,17,70.3,67.7,2.60,,2.96,,0.18,5.38,5.56,,,
UC-Santa Barbara,Big West,,20,11,66.6,60.9,5.71,,-0.05,,-1.81,7.36,5.55,,,
Richmond,A-10 (West),,22,14,62.8,61.5,1.31,,4.21,,-6.56,12.08,5.52,,,
College of Charleston,Southern (South),,21,9,69.4,60.8,8.60,,-3.13,,-4.19,9.09,4.90,,,
Rutgers,Big East (West),,18,13,67.6,66.0,1.61,,2.91,,-1.91,6.43,4.52,,,
Tennessee Tech,OVC,,27,7,78.7,67.9,10.82,,-3.08,,2.50,2.00,4.50,,,
San Diego,WCC,,16,13,75.5,70.6,4.86,,1.56,,4.80,-0.35,4.45,,,
Houston,CUSA (National),,18,15,71.8,72.8,-0.91,,5.45,,2.33,2.09,4.42,,,
Texas Christian,CUSA (National),,16,15,85.3,82.5,2.81,,4.22,,15.01,-10.59,4.42,,,
Nebraska,Big 12,,13,15,69.8,70.7,-0.93,,6.08,,0.32,4.09,4.41,,,
Washington,Pac-10,,11,18,72.0,77.1,-5.10,,10.10,,4.30,0.09,4.39,,,
Florida State,ACC,,12,17,71.8,74.0,-2.17,,9.13,,1.77,2.51,4.28,,,


Milwaukee,Horizon,,16,13,75.6,70.2,5.41,,0.78,,4.70,-0.42,4.28,,,
Southern Methodist,WAC,,15,14,72.4,71.1,1.31,,3.58,,2.87,1.36,4.22,,,
Oregon State,Pac-10,,12,17,64.3,66.5,-2.14,,7.92,,-6.20,10.24,4.04,,,
Iowa State,Big 12,,12,19,69.7,69.7,-0.03,,4.89,,0.54,3.48,4.02,,,
North Carolina,ACC,,8,20,72.2,78.9,-6.64,,10.52,,4.66,-0.78,3.88,,,
Kansas State,Big 12,,13,16,68.4,70.7,-2.24,,6.77,,-1.16,4.97,3.81,,,
New Mexico State,Sun Belt (West),,20,12,77.9,73.2,4.66,,-0.19,,5.32,-1.64,3.67,,,
Clemson,ACC,,13,17,75.2,76.8,-1.60,,5.16,,5.73,-2.17,3.56,,,
Michigan,Big Ten,,11,18,67.3,70.8,-3.48,,8.17,,-0.11,3.64,3.53,,,
UC-Irvine,Big West,,21,11,69.4,65.3,4.09,,-0.19,,-0.20,3.64,3.44,,,
Tulane,CUSA (National),,14,15,72.2,73.4,-1.21,,6.67,,3.46,-0.05,3.41,,,
East Tennessee State,Southern (North),,18,10,81.5,72.8,8.64,,-1.57,,6.61,-3.37,3.23,,,
Colorado State,MWC,,12,18,68.8,68.2,0.57,,4.28,,0.25,2.84,3.09,,,
Oral Roberts,Mid-Cont,,17,14,76.1,70.1,6.00,,-3.27,,3.53,-0.46,3.07,,,
Ohio,MAC (East),,17,11,75.1,71.9,3.21,,-0.19,,2.78,0.25,3.02,,,
Pacific,Big West,,20,10,70.1,64.9,5.13,,-1.30,,0.52,2.40,2.91,,,
Massachusetts,A-10 (East),,13,16,64.3,65.9,-1.55,,4.45,,-4.58,7.48,2.90,,,
Nevada,WAC,,17,13,73.7,71.8,1.90,,1.87,,4.38,-1.61,2.77,,,
Little Rock,Sun Belt (East),,18,11,74.2,66.9,7.31,,-2.52,,2.73,-0.06,2.67,,,
Manhattan,MAAC,,20,9,75.0,67.0,8.03,,-5.39,,1.81,0.84,2.65,,,


Missouri State,MVC,,17,15,70.8,68.2,2.63,,0.02,,0.54,2.10,2.64,,,
Virginia Tech,Big East (East),,10,18,69.4,70.8,-1.43,,3.99,,0.28,2.28,2.56,,,
Detroit Mercy,Horizon,,18,13,65.7,64.4,1.35,,1.04,,-4.60,7.00,2.39,,,
Louisiana,Sun Belt (West),,20,11,69.2,66.3,2.90,,0.15,,-0.99,3.14,2.15,,,
Arkansas State,Sun Belt (East),,15,16,72.9,67.0,5.90,,-1.98,,-1.15,3.27,2.13,,,
Marist,MAAC,,19,9,74.3,67.4,6.82,,-5.20,,1.59,0.03,1.63,,,
Illinois-Chicago,Horizon,,20,14,73.6,70.6,3.03,,1.42,,2.14,-0.69,1.45,,,
North Carolina-Greensboro,Southern (North),,20,11,72.2,68.5,3.74,,-2.35,,-0.70,2.09,1.39,,,
Chattanooga,Southern (South),,16,14,73.2,70.5,2.67,,0.56,,0.92,0.28,1.20,,,
Miami (OH),MAC (East),,13,18,63.9,66.4,-2.48,,3.68,,-6.15,7.35,1.20,,,
Virginia Commonwealth,CAA,,21,11,72.7,69.0,3.69,,-2.38,,2.55,-1.35,1.20,,,
Wright State,Horizon,,17,11,73.7,70.8,2.96,,-1.60,,2.76,-1.76,0.99,,,
Montana State,Big Sky,,20,10,69.4,66.0,3.47,,-1.94,,-2.50,3.41,0.91,,,
George Mason,CAA,,19,10,69.8,66.7,3.10,,-2.30,,-0.23,1.04,0.81,,,
Wichita State,MVC,,15,15,72.9,72.2,0.67,,0.15,,2.56,-1.75,0.81,,,
La Salle,A-10 (West),,15,17,66.5,68.4,-1.88,,2.64,,-1.61,2.37,0.76,,,
Georgia Southern,Southern (South),,16,12,79.6,74.6,5.07,,-0.80,,7.36,-6.62,0.74,,,
Illinois State,MVC,,17,14,67.1,67.9,-0.77,,1.51,,-2.41,3.14,0.73,,,
Western Michigan,MAC (West),,17,13,73.5,72.4,1.13,,-0.42,,1.73,-1.02,0.72,,,
Murray State,OVC,,19,13,78.6,73.4,5.16,,-1.94,,3.75,-3.11,0.65,,,


Davidson,Southern (North),,21,10,70.7,66.0,4.71,,0.71,,-4.84,5.44,0.60,,,
DePaul,CUSA (American),,9,19,70.8,76.4,-5.61,,6.21,,1.75,-1.15,0.60,,,
Oakland,Mid-Cont,,17,13,75.5,74.0,1.53,,-0.57,,5.14,-4.60,0.53,,,
Loyola (IL),Horizon,,17,13,72.3,70.4,1.97,,-0.54,,1.39,-0.93,0.46,,,
Weber State,Big Sky,,18,11,74.9,69.9,5.00,,-1.94,,2.07,-1.71,0.36,,,
Princeton,Ivy,,16,12,60.0,57.4,2.61,,-0.41,,-10.78,11.07,0.29,,,
San Francisco,WCC,,13,15,71.1,70.9,0.25,,1.11,,-0.36,0.47,0.11,,,
Yale,Ivy,,21,11,74.8,70.5,4.34,,-5.32,,3.93,-4.02,-0.08,,,
Hampton,MEAC,,26,7,79.5,71.0,8.45,,-8.90,,4.72,-5.12,-0.40,,,
Citadel,Southern (South),,17,12,72.9,68.3,4.66,,-2.25,,0.77,-1.26,-0.49,,,
McNeese State,Southland,,21,9,70.1,63.6,6.43,,-5.80,,-4.42,3.83,-0.59,,,
Georgia State,A-Sun,,20,11,77.0,73.2,3.87,,-4.43,,3.37,-4.16,-0.80,,,
East Carolina,CUSA (American),,12,18,64.4,68.9,-4.53,,6.63,,-3.02,2.20,-0.82,,,
Missouri-Kansas City,Mid-Cont,,18,11,63.9,61.9,1.93,,-1.80,,-9.06,8.22,-0.84,,,
Southern Mississippi,CUSA (National),,10,17,62.1,65.8,-3.74,,3.53,,-8.17,7.31,-0.85,,,
North Texas,Sun Belt (West),,15,14,78.4,78.2,0.17,,1.14,,6.69,-7.55,-0.86,,,
Toledo,MAC (West),,16,14,66.9,68.4,-1.47,,0.93,,-4.72,3.82,-0.90,,,
Air Force,MWC,,9,19,57.3,61.5,-4.18,,3.23,,-12.33,11.38,-0.95,,,
Central Connecticut State,NEC,,27,5,71.3,63.1,8.19,,-9.29,,-6.16,5.05,-1.10,,,
Central Florida,A-Sun,,17,12,77.6,71.4,6.17,,-6.38,,2.63,-3.83,-1.20,,,


Northern Iowa,MVC,,14,15,70.9,73.0,-2.14,,0.90,,1.89,-3.13,-1.24,,,
Cal Poly,Big West,,15,12,69.3,67.9,1.37,,-1.48,,0.02,-1.30,-1.28,,,
Texas-Rio Grande Valley,Ind,,20,10,79.6,73.2,6.40,,-2.24,,-0.38,-0.96,-1.34,,,
West Virginia,Big East (West),,8,20,73.0,78.9,-5.86,,5.89,,4.22,-5.59,-1.37,,,
Marshall,MAC (East),,15,15,77.6,77.4,0.20,,1.22,,6.36,-7.78,-1.42,,,
Rider,MAAC,,17,11,70.7,66.3,4.43,,-5.95,,-2.27,0.76,-1.52,,,
Delaware,CAA,,14,16,66.7,66.9,-0.17,,-1.40,,-3.33,1.76,-1.57,,,
Old Dominion,CAA,,13,16,67.1,66.6,0.59,,-2.18,,-4.42,2.83,-1.59,,,
Furman,Southern (South),,17,14,69.1,66.0,3.13,,-1.24,,-5.05,3.42,-1.62,,,
Holy Cross,Patriot,,18,15,63.1,59.6,3.48,,-5.10,,-10.29,8.67,-1.62,,,
Boise State,WAC,,13,17,62.6,65.8,-3.20,,2.09,,-6.63,4.99,-1.64,,,
Penn State,Big Ten,,7,21,63.5,72.5,-9.00,,7.11,,-2.87,0.99,-1.89,,,
Texas-El Paso,WAC,,10,22,69.2,72.0,-2.88,,3.12,,-1.72,-0.19,-1.92,,,
IUPUI,Mid-Cont,,15,15,75.2,74.3,0.87,,-0.31,,1.82,-3.91,-2.08,,,
Eastern Washington,Big Sky,,17,13,69.8,68.9,0.87,,-1.32,,-2.74,0.63,-2.11,,,
Drake,MVC,,14,15,69.2,70.8,-1.62,,-0.54,,-1.62,-0.54,-2.16,,,
George Washington,A-10 (West),,12,16,69.5,75.2,-5.71,,3.50,,2.02,-4.24,-2.22,,,
Cleveland State,Horizon,,12,16,67.2,68.0,-0.82,,-1.47,,-4.13,1.84,-2.30,,,
Cal State Long Beach,Big West,,13,17,71.2,72.2,-1.00,,0.91,,1.05,-3.71,-2.66,,,
Siena,MAAC,,17,19,69.9,68.9,0.97,,-3.71,,-2.91,0.17,-2.74,,,


Buffalo,MAC (East),,12,18,67.3,69.6,-2.30,,-0.48,,-3.77,0.99,-2.78,,,
Drexel,CAA,,14,14,72.9,73.3,-0.43,,-2.41,,1.91,-4.75,-2.84,,,
Cal State Northridge,Big West,,12,16,68.3,69.5,-1.25,,0.41,,-2.12,-0.77,-2.89,,,
Rice,WAC,,10,19,65.8,70.1,-4.31,,1.30,,-3.84,0.83,-3.01,,,
Texas A&M,Big 12,,9,22,65.0,73.9,-8.94,,6.91,,-4.43,1.41,-3.03,,,
Washington State,Pac-10,,6,21,70.4,80.4,-10.00,,6.94,,1.59,-4.65,-3.06,,,
Troy,A-Sun,,18,10,75.3,72.3,3.07,,-6.19,,1.02,-4.14,-3.12,,,
James Madison,CAA,,14,15,70.0,69.2,0.79,,-3.35,,-1.68,-1.49,-3.17,,,
Morehead State,OVC,,18,11,77.1,75.2,1.86,,-3.13,,0.90,-4.07,-3.17,,,
Northern Illinois,MAC (West),,12,16,77.6,79.7,-2.11,,-0.86,,5.12,-8.36,-3.24,,,
Texas-San Antonio,Southland,,19,10,76.9,72.3,4.59,,-7.84,,2.58,-5.83,-3.25,,,
Jacksonville,A-Sun,,18,12,71.0,66.0,4.97,,-5.26,,-4.79,1.53,-3.26,,,
Middle Tennessee,Sun Belt (East),,14,15,66.9,67.2,-0.24,,-0.79,,-6.88,3.38,-3.50,,,
Brown,Ivy,,17,10,77.4,74.0,3.44,,-5.89,,5.90,-9.45,-3.54,,,
Bradley,MVC,,9,20,60.7,64.9,-4.28,,0.73,,-10.12,6.57,-3.55,,,
Central Michigan,MAC (West),,9,19,70.0,74.0,-3.96,,1.33,,-0.92,-2.67,-3.59,,,
Niagara,MAAC,,18,14,74.0,72.9,1.09,,-4.68,,1.72,-5.31,-3.59,,,
Radford,Big South,,15,16,71.1,67.5,3.58,,-6.13,,-2.28,-1.45,-3.73,,,
Vermont,AEC,,21,8,75.4,68.3,7.07,,-10.81,,1.40,-5.14,-3.74,,,
Samford,A-Sun,,15,14,60.5,60.3,0.24,,-4.08,,-13.82,9.98,-3.84,,,


Florida Atlantic,A-Sun,,19,12,74.3,72.1,2.19,,-5.33,,-0.44,-3.51,-3.95,,,
New Orleans,Sun Belt (West),,15,14,66.2,67.7,-1.45,,-1.33,,-5.04,1.08,-3.96,,,
Austin Peay,OVC,,14,18,70.5,70.4,0.06,,-1.02,,-3.81,-0.21,-4.02,,,
Montana,Big Sky,,16,15,71.5,73.0,-1.45,,-1.71,,-1.39,-2.81,-4.20,,,
Fordham,A-10 (East),,8,20,70.7,78.5,-7.82,,3.47,,3.23,-7.58,-4.35,,,
Green Bay,Horizon,,9,21,65.7,68.1,-2.47,,-0.73,,-4.90,0.48,-4.42,,,
Wagner,NEC,,19,10,81.4,76.7,4.79,,-9.24,,4.74,-9.19,-4.45,,,
Indiana State,MVC,,6,22,61.8,68.0,-6.18,,1.72,,-8.11,3.65,-4.46,,,
Santa Clara,WCC,,13,15,67.3,71.0,-3.79,,0.38,,-4.46,-0.01,-4.47,,,
Saint Mary's (CA),WCC,,9,20,61.0,64.1,-3.10,,0.66,,-11.55,6.99,-4.56,,,
Boston University,AEC,,22,10,67.1,64.0,3.13,,-7.81,,-5.49,0.81,-4.68,,,
Southern Utah,Mid-Cont,,11,16,64.7,66.7,-2.00,,-1.45,,-7.49,2.80,-4.69,,,
Duquesne,A-10 (West),,9,19,64.0,72.1,-8.14,,3.43,,-4.74,0.02,-4.72,,,
Akron,MAC (East),,10,21,69.5,74.3,-4.84,,0.36,,-2.11,-2.73,-4.84,,,
Sam Houston State,Southland,,14,14,74.6,73.2,1.43,,-6.39,,1.14,-6.10,-4.96,,,
American,Patriot,,18,12,65.9,64.7,1.20,,-6.20,,-7.68,2.69,-5.00,,,
Florida International,Sun Belt (East),,10,20,63.6,67.6,-3.97,,-0.50,,-9.33,3.90,-5.43,,,
Louisiana-Monroe,Southland,,20,12,71.1,70.9,0.19,,-4.43,,-1.72,-3.75,-5.47,,,
Northern Arizona,Big Sky,,14,14,67.6,67.7,-0.07,,-3.04,,-6.13,0.61,-5.52,,,
Rhode Island,A-10 (East),,8,20,61.8,71.0,-9.18,,3.66,,-7.96,2.43,-5.52,,,


Iona,MAAC,,13,17,71.1,72.4,-1.33,,-4.25,,-1.32,-4.27,-5.59,,,
Fairfield,MAAC,,12,17,71.7,73.0,-1.34,,-4.28,,-0.24,-5.39,-5.63,,,
San Jose State,WAC,,10,22,62.1,68.6,-6.50,,1.53,,-7.62,1.80,-5.81,,,
Colgate,Patriot,,17,11,72.8,69.1,3.64,,-7.15,,-2.44,-3.40,-5.84,,,
Hofstra,CAA,,12,20,65.8,70.3,-4.50,,-1.39,,-4.20,-1.69,-5.89,,,
Centenary (LA),Ind,,14,13,72.1,69.3,2.78,,-1.48,,-1.69,-4.29,-5.98,,,
William & Mary,CAA,,10,19,63.0,67.2,-4.24,,-1.16,,-8.26,2.18,-6.08,,,
Columbia,Ivy,,11,17,55.1,57.0,-1.89,,-3.72,,-16.99,10.84,-6.14,,,
Lafayette,Patriot,,15,14,72.6,71.4,1.21,,-6.15,,0.78,-7.21,-6.43,,,
Winthrop,Big South,,19,12,67.5,65.1,2.39,,-8.21,,-8.26,1.72,-6.54,,,
Harvard,Ivy,,14,12,64.1,64.6,-0.54,,-6.10,,-7.85,1.22,-6.63,,,
Monmouth,NEC,,18,12,68.4,68.1,0.30,,-7.32,,-8.20,1.18,-7.02,,,
Wofford,Southern (South),,11,18,66.9,69.0,-2.17,,1.13,,-8.00,0.96,-7.03,,,
Belmont,A-Sun,,11,17,72.1,75.9,-3.71,,-3.39,,-1.07,-6.03,-7.11,,,
UC-Riverside,Big West,,8,18,64.5,70.6,-6.04,,-0.62,,-5.27,-1.91,-7.18,,,
Howard,MEAC,,18,13,74.9,73.1,1.81,,-9.23,,-0.41,-7.02,-7.43,,,
Portland,WCC,,6,24,71.8,80.3,-8.47,,1.03,,1.88,-9.31,-7.44,,,
South Alabama,Sun Belt (West),,7,21,64.5,70.5,-6.00,,-0.25,,-5.94,-1.51,-7.45,,,
Western Illinois,Mid-Cont,,12,16,73.6,74.5,-0.89,,-3.07,,-1.18,-6.27,-7.45,,,
Loyola Marymount,WCC,,9,20,69.0,75.2,-6.21,,-0.10,,-2.85,-4.61,-7.46,,,


Appalachian State,Southern (North),,10,18,76.4,79.0,-2.54,,-0.65,,1.61,-9.14,-7.53,,,
Tennessee-Martin,OVC,,15,14,78.0,76.7,1.28,,-2.62,,1.04,-8.61,-7.58,,,
Western Carolina,Southern (North),,12,16,77.9,77.8,0.11,,-3.01,,2.10,-9.99,-7.89,,,
Portland State,Big Sky,,12,16,72.9,79.0,-6.14,,-1.03,,0.70,-8.69,-7.99,,,
Eastern Illinois,OVC,,15,16,74.4,77.3,-2.97,,-1.71,,-0.49,-7.57,-8.06,,,
Maryland-Baltimore County,NEC,,20,9,73.8,70.2,3.55,,-11.62,,-3.01,-5.06,-8.07,,,
Canisius,MAAC,,10,20,65.5,68.8,-3.33,,-4.83,,-7.55,-0.61,-8.16,,,
Denver,Sun Belt (West),,8,20,65.0,69.9,-4.93,,-1.60,,-6.66,-1.50,-8.16,,,
Tennessee State,OVC,,11,17,77.6,81.1,-3.50,,-2.73,,1.98,-10.23,-8.25,,,
St. Francis (NY),NEC,,18,11,80.2,77.8,2.48,,-10.83,,3.01,-11.36,-8.35,,,
Evansville,MVC,,7,21,67.6,76.6,-9.04,,0.68,,-2.06,-6.30,-8.36,,,
Navy,Patriot,,10,20,69.4,72.1,-2.70,,-5.51,,-2.52,-6.41,-8.92,,,
Texas State,Southland,,12,16,74.6,75.1,-0.54,,-6.55,,-2.16,-6.77,-8.93,,,
VMI,Southern (North),,10,18,76.5,82.1,-5.68,,0.30,,4.84,-13.98,-9.14,,,
Jacksonville State,A-Sun,,13,16,70.2,71.5,-1.24,,-6.43,,-4.22,-5.13,-9.36,,,
Lamar,Southland,,15,14,70.1,71.4,-1.34,,-7.90,,-3.48,-5.89,-9.36,,,
Delaware State,MEAC,,16,13,64.8,63.7,1.17,,-10.54,,-11.17,1.80,-9.37,,,
Northwestern State,Southland,,13,18,73.1,76.2,-3.06,,-5.56,,-1.72,-7.71,-9.42,,,
Quinnipiac,NEC,,14,16,79.0,78.8,0.23,,-9.85,,3.30,-12.91,-9.61,,,
Idaho,Big West,,9,19,55.1,63.0,-7.86,,-1.24,,-16.01,6.10,-9.91,,,


Idaho State,Big Sky,,10,17,70.1,74.1,-4.07,,-4.06,,-3.72,-6.26,-9.98,,,
Bucknell,Patriot,,13,16,61.8,64.9,-3.17,,-7.07,,-10.53,0.29,-10.24,,,
Stephen F. Austin,Southland,,13,15,63.4,64.7,-1.25,,-8.32,,-12.59,2.27,-10.32,,,
Texas-Arlington,Southland,,12,15,76.3,77.8,-1.56,,-6.51,,1.73,-12.09,-10.36,,,
Southeast Missouri State,OVC,,6,22,71.1,77.7,-6.61,,-3.08,,-2.79,-7.89,-10.68,,,
North Carolina-Asheville,Big South,,13,15,69.8,73.5,-3.71,,-6.68,,-5.29,-5.47,-10.76,,,
South Carolina State,MEAC,,15,16,69.7,73.3,-3.58,,-7.01,,-5.85,-5.38,-11.22,,,
Alcorn State,SWAC,,21,10,79.8,76.6,3.19,,-14.18,,0.49,-11.77,-11.28,,,
Alabama A&M,SWAC,,19,10,79.9,73.2,6.72,,-15.81,,-0.30,-11.03,-11.33,,,
Cal State Fullerton,Big West,,5,22,62.6,71.2,-8.63,,-1.06,,-8.63,-2.78,-11.41,,,
Northeastern,AEC,,7,21,71.0,75.1,-4.07,,-8.34,,-1.41,-11.00,-12.42,,,
Stetson,A-Sun,,10,16,72.8,79.2,-6.35,,-3.79,,-1.42,-11.04,-12.46,,,
Sacramento State,Big Sky,,9,19,73.4,77.6,-4.29,,-5.34,,-0.24,-12.47,-12.71,,,
Hartford,AEC,,14,18,60.9,65.5,-4.63,,-8.20,,-12.16,-0.66,-12.82,,,
Youngstown State,Horizon,,5,23,64.6,75.0,-10.43,,-0.16,,-7.08,-5.81,-12.89,,,
Maine,AEC,,12,18,63.6,66.6,-3.00,,-9.55,,-12.01,-0.92,-12.93,,,
North Carolina A&T,MEAC,,11,17,67.2,72.5,-5.36,,-7.17,,-7.34,-5.61,-12.95,,,
Cornell,Ivy,,5,22,57.7,66.6,-8.85,,-2.58,,-13.23,0.23,-13.00,,,
Army,Patriot,,12,16,66.8,70.1,-3.25,,-7.44,,-7.10,-5.92,-13.02,,,
Alabama State,SWAC,,19,13,65.5,64.6,0.88,,-14.15,,-16.34,3.09,-13.25,,,


Towson,CAA,,11,18,58.4,68.4,-9.97,,-3.33,,-12.77,-0.53,-13.30,,,
Elon,Big South,,13,16,69.5,73.0,-3.48,,-7.07,,-5.90,-7.53,-13.43,,,
Robert Morris,NEC,,12,18,69.2,74.3,-5.07,,-8.44,,-7.26,-6.24,-13.51,,,
Binghamton,AEC,,9,19,64.7,69.1,-4.46,,-9.40,,-10.27,-3.60,-13.87,,,
Dartmouth,Ivy,,9,18,62.9,69.9,-7.00,,-5.71,,-8.90,-5.12,-14.02,,,
High Point,Big South,,11,19,69.2,73.9,-4.70,,-6.28,,-5.18,-8.91,-14.09,,,
Eastern Kentucky,OVC,,7,20,73.0,79.9,-6.93,,-2.34,,-4.37,-9.75,-14.13,,,
Norfolk State,MEAC,,10,19,68.9,76.0,-7.14,,-7.00,,-4.86,-9.28,-14.14,,,
Lehigh,Patriot,,5,23,66.2,72.3,-6.14,,-6.50,,-6.52,-7.65,-14.16,,,
Charleston Southern,Big South,,12,17,62.9,68.3,-5.45,,-6.23,,-11.64,-2.55,-14.19,,,
Bethune-Cookman,MEAC,,12,17,68.4,73.8,-5.41,,-8.26,,-5.84,-8.50,-14.33,,,
Mercer,A-Sun,,6,23,65.9,77.0,-11.03,,-2.76,,-6.61,-7.90,-14.51,,,
Florida A&M,MEAC,,9,19,66.5,73.6,-7.07,,-7.48,,-6.92,-7.63,-14.55,,,
Southeastern Louisiana,Southland,,7,20,57.1,62.9,-5.70,,-7.38,,-18.69,4.11,-14.57,,,
New Hampshire,AEC,,11,17,69.1,74.5,-5.43,,-7.33,,-4.58,-10.04,-14.62,,,
Saint Francis (PA),NEC,,6,21,63.0,69.9,-6.85,,-7.84,,-13.59,-1.10,-14.69,,,
Eastern Michigan,MAC (West),,6,24,66.5,79.0,-12.53,,-0.70,,-5.17,-9.56,-14.73,,,
Sacred Heart,NEC,,8,20,75.3,80.2,-4.89,,-9.84,,-1.93,-12.81,-14.74,,,
Mississippi Valley State,SWAC,,12,17,76.1,78.6,-2.52,,-12.75,,-2.75,-12.41,-15.16,,,
Campbell,A-Sun,,8,19,70.7,79.9,-9.22,,-5.20,,-3.50,-11.89,-15.39,,,


Maryland-Eastern Shore,MEAC,,11,18,65.9,72.4,-6.52,,-9.08,,-8.84,-6.76,-15.59,,,
Jackson State,SWAC,,9,19,73.1,78.5,-5.43,,-10.81,,-3.95,-12.25,-16.20,,,
Coastal Carolina,Big South,,8,20,69.5,78.4,-8.86,,-6.92,,-5.40,-11.02,-16.42,,,
Saint Peter's,MAAC,,4,24,65.1,77.8,-12.61,,-4.14,,-6.88,-9.87,-16.75,,,
Albany (NY),AEC,,8,20,56.9,65.0,-8.14,,-8.85,,-17.10,0.11,-16.99,,,
Loyola (MD),MAAC,,5,23,58.9,69.9,-11.00,,-6.18,,-14.66,-2.52,-17.18,,,
Stony Brook,AEC,,6,22,60.9,71.1,-10.21,,-8.03,,-12.78,-5.46,-18.25,,,
Coppin State,MEAC,,6,25,58.2,68.7,-10.55,,-7.83,,-16.18,-2.58,-18.76,,,
Morgan State,MEAC,,3,25,65.4,77.0,-11.64,,-7.69,,-9.07,-10.26,-19.34,,,
Fairleigh Dickinson,NEC,,4,25,71.5,80.8,-9.28,,-10.28,,-4.77,-14.79,-19.56,,,
Grambling,SWAC,,9,19,78.1,86.7,-8.54,,-9.92,,-0.53,-19.24,-19.77,,,
Chicago State,Mid-Cont,,2,26,63.1,81.3,-18.18,,0.51,,-8.87,-11.38,-20.25,,,
Texas Southern,SWAC,,11,17,69.4,78.2,-8.82,,-11.52,,-9.93,-10.41,-20.35,,,
Southern,SWAC,,7,20,73.9,83.3,-9.41,,-12.56,,-4.43,-17.55,-21.98,,,
Liberty,Big South,,5,25,63.6,76.9,-13.33,,-7.26,,-9.35,-12.67,-22.02,,,
Long Island University,NEC,,5,22,76.1,91.6,-15.48,,-7.69,,0.69,-23.87,-23.18,,,
Mount St. Mary's,NEC,,3,24,60.7,75.9,-15.11,,-8.88,,-15.56,-8.42,-23.99,,,
Prairie View,SWAC,,10,20,73.1,84.3,-11.23,,-11.06,,-7.16,-16.83,-23.99,,,
Nicholls State,Southland,,2,25,59.3,78.3,-18.93,,-4.40,,-13.80,-10.60,-24.40,,,
Morris Brown,Ind,,5,24,55.0,75.4,-20.41,,-1.84,,-15.90,-10.48,-26.38,,,


Arkansas-Pine Bluff,SWAC,,2,26,66.1,84.9,-18.79,,-8.70,,-11.47,-16.01,-27.49,,,
