

North Carolina,ACC,,31,7,85.7,68.6,17.11,,9.30,,20.55,5.85,26.41,,,
Florida,SEC (East),,35,5,79.8,62.6,17.23,,7.34,,13.68,10.15,23.82,,,
Kansas,Big 12,,33,5,78.4,61.7,16.68,,6.86,,12.51,10.11,22.62,,,
Ohio State,Big Ten,,35,4,74.5,62.0,12.51,,9.03,,10.98,10.56,21.54,,,
Texas A&M,Big 12,,27,7,75.6,59.4,16.15,,5.13,,9.34,11.94,21.27,,,
UCLA,Pac-10,,30,6,69.5,57.8,11.72,,9.84,,6.24,14.66,20.90,,,
Memphis,CUSA,,33,4,78.9,63.1,15.81,,3.91,,11.61,8.11,19.72,,,
Georgetown,Big East,,30,7,69.1,58.0,11.05,,9.48,,5.08,14.54,19.62,,,
Wisconsin,Big Ten,,30,6,70.2,57.9,12.33,,6.95,,6.68,12.60,19.28,,,
Maryland,ACC,,25,9,79.0,67.5,11.47,,7.59,,13.58,5.48,19.06,,,
Duke,ACC,,22,11,70.4,62.0,8.36,,10.49,,5.87,12.98,18.85,,,
Georgia Tech,ACC,,20,12,78.6,69.4,9.16,,9.36,,12.37,4.80,17.17,,,
Kentucky,SEC (East),,22,12,73.4,67.7,5.71,,11.41,,9.83,7.29,17.12,,,
Pittsburgh,Big East,,29,8,71.3,62.8,8.46,,8.53,,6.74,10.25,16.99,,,
Notre Dame,Big East,,24,8,81.0,68.0,13.00,,4.97,,15.72,1.22,16.94,,,
Indiana,Big Ten,,21,11,70.2,61.8,8.44,,8.35,,8.00,8.78,16.78,,,
Michigan State,Big Ten,,23,12,65.0,57.2,7.86,,8.45,,1.00,15.30,16.30,,,
Arizona,Pac-10,,20,11,78.0,72.5,5.48,,10.76,,14.69,1.55,16.24,,,
Villanova,Big East,,22,11,72.5,64.6,7.88,,9.16,,7.41,8.73,16.13,,,
Louisville,Big East,,24,10,71.6,63.1,8.50,,7.69,,5.98,10.11,16.08,,,


Oregon,Pac-10,,29,8,75.9,66.2,9.65,,6.30,,10.84,5.11,15.95,,,
Texas,Big 12,,25,10,81.7,72.2,9.49,,6.12,,14.84,0.77,15.60,,,
Clemson,ACC,,25,11,73.2,65.7,7.53,,7.82,,7.17,8.18,15.35,,,
Mississippi State,SEC (West),,21,14,76.9,68.5,8.40,,6.91,,10.93,4.38,15.31,,,
Air Force,MWC,,26,9,69.0,56.0,12.97,,3.34,,0.11,15.09,15.19,,,
Tennessee,SEC (East),,24,11,80.9,75.1,5.83,,9.15,,15.77,-0.80,14.97,,,
Purdue,Big Ten,,22,12,69.9,63.4,6.53,,8.89,,6.00,8.65,14.65,,,
West Virginia,Big East,,27,9,72.5,62.4,10.14,,5.43,,6.14,8.29,14.43,,,
Virginia Tech,ACC,,22,12,71.4,64.1,7.26,,8.26,,4.69,9.66,14.35,,,
Butler,Horizon,,29,7,67.6,57.1,10.50,,3.94,,1.44,12.90,14.34,,,
Illinois,Big Ten,,23,12,64.1,57.1,7.09,,7.09,,-0.04,14.22,14.18,,,
Xavier,A-10,,25,9,76.3,65.5,10.79,,3.39,,9.86,4.32,14.18,,,
Florida State,ACC,,22,13,74.5,69.0,5.51,,8.63,,9.17,4.97,14.14,,,
Marquette,Big East,,24,10,71.9,64.9,6.94,,6.95,,8.04,6.11,14.14,,,
Syracuse,Big East,,24,11,75.6,68.0,7.57,,6.47,,10.64,3.40,14.04,,,
Missouri State,MVC,,22,11,73.9,65.2,8.76,,5.93,,9.51,4.45,13.96,,,
Southern California,Pac-10,,25,12,71.8,65.2,6.57,,7.87,,7.22,6.56,13.78,,,
Arkansas,SEC (West),,21,14,71.1,66.0,5.03,,8.75,,5.51,8.26,13.77,,,
Boston College,ACC,,21,12,74.3,69.8,4.55,,9.21,,8.76,5.00,13.76,,,
Southern Illinois,MVC,,29,7,62.9,56.2,6.75,,7.53,,-1.52,15.11,13.59,,,


Georgia,SEC (East),,19,14,75.1,69.1,6.00,,8.38,,8.28,5.19,13.47,,,
Washington State,Pac-10,,26,8,66.9,59.5,7.32,,6.00,,0.87,12.46,13.33,,,
Connecticut,Big East,,17,14,70.4,62.5,7.84,,6.09,,3.92,9.30,13.22,,,
Oklahoma,Big 12,,16,15,66.8,59.6,7.23,,7.23,,0.24,12.79,13.02,,,
Nevada-Las Vegas,MWC,,30,7,74.9,66.8,8.16,,5.37,,6.49,6.50,12.98,,,
Virginia,ACC,,21,11,77.0,70.8,6.13,,7.96,,10.39,2.50,12.89,,,
Vanderbilt,SEC (East),,22,12,76.3,70.2,6.09,,7.79,,9.91,2.85,12.76,,,
Louisiana State,SEC (West),,17,15,68.0,62.7,5.31,,7.44,,1.87,10.88,12.75,,,
Creighton,MVC,,22,11,67.3,60.9,6.33,,6.24,,2.95,9.62,12.57,,,
DePaul,Big East,,20,14,67.6,63.3,4.35,,8.53,,2.35,10.09,12.44,,,
Gonzaga,WCC,,23,11,78.5,70.1,8.38,,3.77,,10.18,1.97,12.15,,,
Brigham Young,MWC,,25,9,78.1,69.0,9.03,,3.95,,10.48,0.89,11.38,,,
Stanford,Pac-10,,18,13,69.5,67.1,2.42,,9.06,,5.44,5.72,11.16,,,
Akron,MAC (East),,26,7,75.3,61.0,14.27,,-1.90,,5.16,5.74,10.90,,,
Bradley,MVC,,22,13,74.7,70.7,4.03,,7.22,,11.31,-0.42,10.89,,,
Alabama,SEC (West),,20,12,74.0,69.5,4.56,,6.24,,7.77,3.04,10.81,,,
Missouri,Big 12,,18,12,77.6,71.9,5.73,,5.03,,11.97,-1.20,10.77,,,
Michigan,Big Ten,,22,13,64.3,60.5,3.80,,6.79,,0.81,9.78,10.59,,,
Nevada,WAC,,29,5,77.4,67.5,9.88,,1.09,,9.57,1.01,10.58,,,
Kansas State,Big 12,,23,12,70.5,65.1,5.40,,5.53,,2.87,7.48,10.35,,,


Wichita State,MVC,,17,14,68.6,64.1,4.52,,6.36,,2.65,7.40,10.05,,,
Washington,Pac-10,,19,13,76.5,73.0,3.53,,6.50,,11.22,-1.18,10.03,,,
Mississippi,SEC (West),,21,13,73.1,69.3,3.82,,6.38,,6.85,3.05,9.90,,,
Providence,Big East,,18,13,76.0,71.7,4.29,,6.69,,9.13,0.73,9.85,,,
Texas Tech,Big 12,,21,13,71.7,69.1,2.59,,7.16,,5.79,3.92,9.71,,,
Oklahoma State,Big 12,,22,13,75.0,70.3,4.69,,6.34,,6.36,3.28,9.63,,,
Virginia Commonwealth,CAA,,28,7,75.0,65.7,9.37,,0.20,,7.77,1.73,9.50,,,
Massachusetts,A-10,,24,9,77.3,68.8,8.52,,0.97,,8.96,0.53,9.49,,,
Winthrop,Big South,,29,5,74.9,61.4,13.44,,-1.20,,0.71,8.46,9.17,,,
Iowa,Big Ten,,17,14,68.4,65.6,2.77,,6.35,,5.45,3.67,9.12,,,
University of California,Pac-10,,16,17,69.5,69.1,0.36,,8.67,,5.63,3.01,8.64,,,
North Carolina State,ACC,,20,16,71.7,71.5,0.17,,8.36,,6.61,1.92,8.53,,,
Davidson,Southern (South),,29,5,81.3,68.7,12.62,,-2.26,,10.36,-2.06,8.31,,,
Northern Iowa,MVC,,18,13,65.8,62.8,3.00,,6.05,,-1.37,9.41,8.05,,,
Old Dominion,CAA,,24,9,69.4,62.0,7.39,,0.44,,2.25,5.58,7.83,,,
San Diego State,MWC,,22,11,72.4,68.2,4.24,,3.90,,3.70,3.45,7.16,,,
Hawaii,WAC,,18,13,72.4,66.5,5.90,,1.09,,3.45,3.54,6.99,,,
Nebraska,Big 12,,17,14,66.8,64.2,2.68,,5.35,,-0.23,7.16,6.94,,,
Auburn,SEC (West),,17,15,73.1,72.1,1.03,,7.47,,6.07,0.70,6.77,,,
Santa Clara,WCC,,21,10,68.7,63.1,5.65,,1.58,,-0.90,7.24,6.34,,,


Wake Forest,ACC,,15,16,73.8,76.4,-2.61,,9.31,,8.71,-2.64,6.08,,,
Seton Hall,Big East,,13,16,74.7,72.8,1.90,,5.37,,9.05,-3.10,5.94,,,
Houston,CUSA,,18,15,73.2,70.5,2.64,,3.12,,6.35,-0.60,5.75,,,
Illinois State,MVC,,15,16,66.7,65.0,1.68,,4.63,,0.44,5.29,5.73,,,
George Washington,A-10,,23,9,70.2,64.6,5.63,,0.64,,2.23,3.38,5.61,,,
Miami (FL),ACC,,12,20,71.2,72.9,-1.66,,7.15,,4.83,0.66,5.49,,,
Drexel,CAA,,23,9,66.5,60.6,5.88,,0.52,,-2.29,7.71,5.43,,,
Baylor,Big 12,,15,16,75.3,73.0,2.29,,3.88,,6.73,-1.31,5.42,,,
Kent State,MAC (East),,21,11,68.6,62.4,6.16,,1.28,,-0.01,5.26,5.25,,,
Evansville,MVC,,14,17,68.7,68.2,0.58,,4.55,,3.06,2.07,5.13,,,
Saint Joseph's,A-10,,18,14,67.6,64.4,3.16,,2.23,,-0.81,5.91,5.11,,,
New Mexico State,WAC,,25,9,78.0,72.4,5.59,,0.01,,7.06,-2.02,5.04,,,
Northwestern,Big Ten,,13,18,56.5,58.7,-2.29,,7.82,,-6.32,11.24,4.92,,,
Miami (OH),MAC (East),,18,15,59.5,57.4,2.03,,2.78,,-7.50,12.31,4.81,,,
Central Florida,CUSA,,22,9,72.8,65.2,7.68,,-1.48,,2.58,2.17,4.74,,,
Appalachian State,Southern (North),,25,8,76.0,67.8,8.15,,-1.19,,4.50,0.18,4.68,,,
Oral Roberts,Mid-Cont,,23,11,71.8,64.9,6.88,,-1.04,,1.83,2.71,4.54,,,
St. John's (NY),Big East,,16,15,63.8,64.8,-0.94,,6.85,,-2.00,6.51,4.51,,,
Fresno State,WAC,,22,10,71.3,66.2,5.16,,-0.14,,1.46,3.01,4.47,,,
Tulsa,CUSA,,20,11,68.4,62.3,6.06,,-0.11,,-1.68,6.12,4.44,,,


Loyola (IL),Horizon,,21,11,69.9,64.8,5.06,,0.78,,2.48,1.84,4.31,,,
Texas-El Paso,CUSA,,14,17,75.6,71.6,4.03,,0.24,,6.52,-2.25,4.27,,,
Saint Mary's (CA),WCC,,17,15,70.2,65.3,4.94,,1.03,,1.09,3.08,4.17,,,
George Mason,CAA,,18,15,63.3,59.1,4.21,,-0.05,,-4.51,8.67,4.16,,,
Pennsylvania,Ivy,,22,9,74.1,67.7,6.35,,-1.64,,5.09,-0.93,4.16,,,
Colorado State,MWC,,17,13,72.6,71.0,1.60,,3.71,,4.44,-0.35,4.09,,,
Alabama-Birmingham,CUSA,,15,16,66.2,65.0,1.13,,3.83,,-1.62,5.59,3.97,,,
Cincinnati,Big East,,11,19,64.6,67.7,-3.17,,6.97,,-0.52,4.32,3.80,,,
Utah State,WAC,,23,12,70.5,67.1,3.37,,1.19,,1.61,2.19,3.80,,,
South Carolina,SEC (East),,14,16,64.7,68.8,-4.07,,7.86,,-0.60,4.39,3.79,,,
Drake,MVC,,17,15,74.9,74.2,0.75,,4.58,,8.29,-4.65,3.64,,,
Southern Mississippi,CUSA,,20,11,69.3,62.4,6.97,,0.17,,-0.58,3.94,3.36,,,
Holy Cross,Patriot,,25,9,63.9,57.5,6.38,,-3.06,,-4.88,8.21,3.32,,,
Arizona State,Pac-10,,8,22,58.5,61.8,-3.27,,7.95,,-8.28,11.59,3.31,,,
Penn State,Big Ten,,11,19,65.4,67.9,-2.53,,5.79,,0.46,2.80,3.25,,,
New Mexico,MWC,,15,17,75.3,73.3,2.03,,2.89,,6.05,-2.86,3.19,,,
Saint Louis,A-10,,20,13,66.0,65.1,0.94,,2.91,,-3.47,6.60,3.13,,,
Texas A&M-Corpus Christi,Southland (West),,26,7,79.2,69.8,9.48,,-4.80,,6.79,-3.72,3.07,,,
Boise State,WAC,,17,14,76.1,72.1,4.06,,0.00,,6.07,-3.07,3.00,,,
Temple,A-10,,12,18,75.0,74.1,0.97,,1.91,,6.91,-4.03,2.88,,,


Bucknell,Patriot,,22,9,63.4,57.8,5.61,,-3.03,,-3.85,6.69,2.84,,,
Dayton,A-10,,19,12,66.9,66.2,0.77,,1.97,,-1.14,3.89,2.75,,,
Toledo,MAC (West),,19,13,69.0,68.1,0.88,,1.83,,1.74,0.97,2.71,,,
Hofstra,CAA,,22,10,73.1,69.8,3.34,,-0.60,,5.76,-3.23,2.53,,,
South Florida,Big East,,12,18,65.7,67.0,-1.30,,4.37,,-0.57,2.90,2.34,,,
Ohio,MAC (East),,19,13,72.8,70.3,2.53,,0.22,,4.22,-1.93,2.29,,,
Wyoming,MWC,,17,15,73.9,74.8,-0.88,,3.52,,6.47,-4.20,2.27,,,
Cal State Long Beach,Big West,,24,8,80.5,75.3,5.22,,-2.07,,9.11,-6.87,2.24,,,
Indiana State,MVC,,13,18,61.5,65.6,-4.06,,6.84,,-2.74,4.91,2.18,,,
Western Michigan,MAC (West),,16,16,71.5,70.4,1.03,,2.04,,4.51,-2.40,2.11,,,
Utah,MWC,,11,19,69.2,72.2,-3.00,,5.06,,2.59,-0.53,2.06,,,
Wright State,Horizon,,23,10,64.4,62.2,2.24,,-0.31,,-4.09,6.03,1.94,,,
Iowa State,Big 12,,15,16,63.6,65.4,-1.77,,5.19,,-4.28,6.13,1.85,,,
Marist,MAAC,,25,9,74.9,68.7,6.21,,-4.29,,4.00,-2.35,1.65,,,
Rhode Island,A-10,,19,14,76.1,76.0,0.12,,2.32,,8.03,-6.48,1.54,,,
Fordham,A-10,,18,12,65.5,64.2,1.30,,-0.10,,-5.34,6.55,1.21,,,
Western Kentucky,Sun Belt (East),,22,11,78.2,72.3,5.88,,-3.71,,6.61,-5.61,1.00,,,
Minnesota,Big Ten,,9,22,60.6,66.2,-5.58,,8.05,,-1.83,2.61,0.78,,,
College of Charleston,Southern (South),,22,11,69.4,65.6,3.76,,-3.06,,-1.25,1.95,0.70,,,
Tulane,CUSA,,17,13,69.2,68.0,1.17,,0.63,,2.01,-1.53,0.49,,,


Oakland,Mid-Cont,,19,14,69.7,67.8,1.82,,-0.41,,0.74,-0.49,0.25,,,
Vermont,AEC,,25,8,70.0,64.8,5.21,,-5.15,,0.62,-0.56,0.06,,,
Charlotte,A-10,,14,16,70.0,71.7,-1.67,,1.38,,0.80,-1.09,-0.29,,,
Belmont,A-Sun,,23,10,72.4,64.5,7.94,,-4.71,,0.10,-0.49,-0.39,,,
Southern Methodist,CUSA,,14,17,62.7,62.6,0.13,,0.73,,-6.27,5.82,-0.45,,,
Illinois-Chicago,Horizon,,14,18,69.5,70.5,-1.03,,1.09,,1.97,-2.44,-0.46,,,
Green Bay,Horizon,,18,15,67.6,65.8,1.79,,-0.86,,-1.02,0.50,-0.52,,,
Oregon State,Pac-10,,11,21,63.4,69.4,-6.06,,6.23,,-2.32,1.58,-0.74,,,
UC-Santa Barbara,Big West,,18,11,71.2,67.4,3.79,,-3.47,,-1.73,0.92,-0.81,,,
Sam Houston State,Southland (West),,21,10,77.3,68.6,8.74,,-5.35,,3.59,-4.72,-1.13,,,
Siena,MAAC,,20,12,76.2,71.3,4.84,,-4.72,,4.83,-5.99,-1.16,,,
Towson,CAA,,15,17,68.0,67.9,0.06,,-0.56,,-0.52,-0.66,-1.17,,,
Valparaiso,Mid-Cont,,16,15,66.3,65.6,0.68,,-1.30,,-4.59,3.35,-1.24,,,
San Francisco,WCC,,13,18,74.2,76.0,-1.77,,0.95,,3.96,-5.31,-1.35,,,
High Point,Big South,,22,10,75.2,68.8,6.41,,-4.99,,-0.53,-0.85,-1.37,,,
Texas Christian,MWC,,13,17,63.1,66.8,-3.70,,2.11,,-4.71,3.13,-1.59,,,
Albany (NY),AEC,,23,10,67.9,65.1,2.85,,-4.75,,-1.94,0.34,-1.60,,,
San Diego,WCC,,18,14,75.1,74.0,1.09,,-1.15,,4.47,-6.07,-1.60,,,
Rice,CUSA,,16,16,69.4,69.7,-0.22,,1.43,,-0.70,-0.97,-1.67,,,
Marshall,CUSA,,13,19,66.0,70.2,-4.22,,2.33,,-0.74,-1.15,-1.89,,,


Cal State Fullerton,Big West,,20,10,82.1,76.4,5.70,,-5.30,,9.60,-11.51,-1.91,,,
Detroit Mercy,Horizon,,11,19,63.8,66.7,-2.97,,1.01,,-4.31,2.35,-1.96,,,
South Alabama,Sun Belt (East),,20,12,71.3,67.3,3.91,,-4.18,,-1.61,-0.40,-2.01,,,
Rutgers,Big East,,10,19,59.8,66.2,-6.41,,5.86,,-6.11,3.86,-2.25,,,
Cal Poly,Big West,,19,11,75.5,72.0,3.50,,-3.83,,1.40,-3.74,-2.33,,,
East Tennessee State,A-Sun,,24,10,73.1,67.3,5.85,,-5.44,,0.16,-2.52,-2.37,,,
Lipscomb,A-Sun,,18,13,67.8,65.1,2.71,,-4.62,,-6.13,3.52,-2.62,,,
Tennessee Tech,OVC,,19,13,75.1,71.7,3.41,,-4.85,,3.21,-5.86,-2.65,,,
American,Patriot,,16,14,64.8,62.2,2.67,,-4.38,,-4.30,1.62,-2.68,,,
North Carolina-Greensboro,Southern (North),,16,14,69.4,68.5,0.93,,-3.69,,-0.74,-2.02,-2.76,,,
Youngstown State,Horizon,,14,17,66.0,67.7,-1.68,,1.19,,-2.23,-0.86,-3.09,,,
North Texas,Sun Belt (West),,23,11,77.0,71.2,5.79,,-6.59,,2.55,-5.66,-3.11,,,
Northern Arizona,Big Sky,,18,12,83.0,80.8,2.23,,-3.28,,9.35,-12.63,-3.28,,,
Niagara,MAAC,,23,12,75.8,74.5,1.29,,-4.70,,4.08,-7.49,-3.41,,,
Austin Peay,OVC,,21,12,70.0,67.0,3.00,,-5.09,,-0.04,-3.41,-3.45,,,
Northwestern State,Southland (East),,17,15,78.8,77.6,1.22,,-4.05,,7.75,-11.35,-3.60,,,
Central Connecticut State,NEC,,22,12,68.9,66.1,2.85,,-6.48,,-4.19,0.56,-3.63,,,
IUPUI,Mid-Cont,,15,15,68.0,67.5,0.43,,-3.39,,-2.64,-1.07,-3.71,,,
Loyola (MD),MAAC,,18,13,71.4,69.3,2.10,,-5.44,,0.92,-4.69,-3.77,,,
UC-Irvine,Big West,,15,18,66.2,67.0,-0.73,,-1.43,,-5.78,2.02,-3.77,,,


William & Mary,CAA,,15,15,63.5,64.2,-0.67,,-2.53,,-4.72,0.92,-3.80,,,
Yale,Ivy,,14,13,68.1,66.3,1.81,,-3.67,,-2.35,-1.56,-3.91,,,
Buffalo,MAC (East),,12,19,68.0,71.8,-3.77,,-0.15,,-0.24,-3.69,-3.92,,,
Northeastern,CAA,,13,19,62.2,66.5,-4.28,,0.30,,-5.25,1.28,-3.98,,,
Weber State,Big Sky,,20,12,70.8,69.2,1.63,,-3.33,,-3.29,-0.74,-4.03,,,
Colorado,Big 12,,7,20,69.1,80.1,-10.96,,7.33,,2.64,-6.78,-4.14,,,
Eastern Washington,Big Sky,,15,14,84.2,82.6,1.69,,-2.94,,10.21,-14.36,-4.15,,,
Eastern Kentucky,OVC,,21,12,65.2,63.3,1.88,,-5.28,,-6.16,1.97,-4.19,,,
Idaho State,Big Sky,,13,17,67.1,67.5,-0.43,,-1.17,,-6.09,1.88,-4.21,,,
Southern Utah,Mid-Cont,,16,14,67.1,65.8,1.30,,-4.41,,-4.15,-0.14,-4.29,,,
Sacred Heart,NEC,,18,14,78.5,76.9,1.63,,-6.04,,6.59,-11.00,-4.41,,,
Ball State,MAC (West),,9,22,59.6,63.7,-4.06,,1.03,,-8.86,4.39,-4.47,,,
Fairfield,MAAC,,13,19,62.4,64.7,-2.31,,-2.00,,-6.92,2.44,-4.49,,,
Boston University,AEC,,12,18,60.1,60.0,0.03,,-4.65,,-9.88,5.26,-4.62,,,
Cornell,Ivy,,16,12,66.3,64.0,2.29,,-5.40,,-3.93,-0.70,-4.63,,,
Louisiana Tech,WAC,,10,20,64.1,69.4,-5.30,,0.64,,-4.28,-0.38,-4.66,,,
Furman,Southern (South),,15,16,67.8,68.6,-0.81,,-2.68,,-3.26,-1.57,-4.82,,,
Pacific,Big West,,12,19,68.6,71.7,-3.16,,-0.87,,-3.24,-1.95,-5.19,,,
Milwaukee,Horizon,,9,22,64.7,71.5,-6.81,,2.34,,-2.48,-2.79,-5.26,,,
Central Michigan,MAC (West),,13,18,65.6,70.4,-4.74,,-0.60,,-2.83,-2.51,-5.34,,,


Montana,Big Sky,,17,15,72.2,69.6,2.63,,-3.53,,-2.61,-2.73,-5.34,,,
Bowling Green State,MAC (East),,13,18,66.5,68.9,-2.42,,-1.08,,-2.22,-3.26,-5.48,,,
Stephen F. Austin,Southland (West),,15,14,66.8,62.2,4.52,,-6.38,,-10.38,4.84,-5.54,,,
Robert Morris,NEC,,17,11,75.2,71.2,3.96,,-8.07,,1.05,-6.67,-5.62,,,
La Salle,A-10,,10,20,71.7,74.7,-3.03,,-1.87,,0.96,-6.62,-5.66,,,
Duquesne,A-10,,10,19,78.3,84.5,-6.17,,0.50,,9.43,-15.10,-5.67,,,
Loyola Marymount,WCC,,13,18,65.5,71.9,-6.39,,1.80,,-4.47,-1.21,-5.68,,,
Pepperdine,WCC,,8,23,77.1,83.2,-6.13,,0.23,,6.70,-12.61,-5.90,,,
Middle Tennessee,Sun Belt (East),,15,17,62.3,63.8,-1.41,,-3.96,,-10.33,4.40,-5.93,,,
Chattanooga,Southern (North),,15,18,68.5,68.4,0.15,,-2.18,,-5.61,-0.33,-5.94,,,
Portland State,Big Sky,,19,13,78.2,75.3,2.97,,-4.57,,3.01,-8.96,-5.95,,,
Cal State Northridge,Big West,,14,17,75.5,75.9,-0.42,,-1.88,,0.13,-6.26,-6.12,,,
Liberty,Big South,,14,17,76.4,74.1,2.29,,-3.25,,-0.42,-5.83,-6.25,,,
Missouri-Kansas City,Mid-Cont,,12,20,71.6,74.9,-3.34,,-1.80,,0.92,-7.19,-6.26,,,
Columbia,Ivy,,16,12,65.8,63.9,1.89,,-5.27,,-6.75,0.40,-6.36,,,
North Carolina-Wilmington,CAA,,7,22,64.5,70.9,-6.41,,0.01,,-4.24,-2.16,-6.41,,,
Arkansas State,Sun Belt (West),,18,15,72.5,72.0,0.52,,-5.63,,-1.19,-5.27,-6.47,,,
Chicago State,Ind,,9,20,72.8,77.7,-4.90,,1.30,,2.44,-9.04,-6.59,,,
Cleveland State,Horizon,,10,21,63.7,68.7,-5.00,,1.31,,-5.49,-1.10,-6.59,,,
Murray State,OVC,,16,14,66.4,65.8,0.67,,-5.92,,-5.14,-1.45,-6.59,,,


Northern Illinois,MAC (West),,7,23,66.9,72.1,-5.13,,-0.85,,-3.07,-3.60,-6.67,,,
Delaware State,MEAC,,21,13,59.7,58.8,0.97,,-6.58,,-13.13,6.42,-6.70,,,
Samford,OVC,,16,16,59.3,60.4,-1.13,,-4.78,,-12.30,5.59,-6.72,,,
Eastern Michigan,MAC (West),,13,19,63.7,69.0,-5.25,,-0.63,,-5.48,-1.35,-6.83,,,
Georgia Southern,Southern (South),,15,16,69.2,68.3,0.90,,-2.71,,-3.88,-3.03,-6.90,,,
Brown,Ivy,,11,18,60.7,63.4,-2.79,,-4.21,,-8.19,1.16,-7.03,,,
Coastal Carolina,Big South,,15,15,74.4,71.4,3.00,,-5.66,,-1.54,-5.66,-7.20,,,
San Jose State,WAC,,5,25,61.9,71.4,-9.47,,2.21,,-7.32,0.06,-7.26,,,
Richmond,A-10,,8,22,60.6,68.2,-7.63,,0.72,,-10.40,2.85,-7.56,,,
Navy,Patriot,,14,16,61.8,62.7,-0.90,,-3.77,,-6.39,-1.29,-7.69,,,
Lehigh,Patriot,,12,19,63.9,64.0,-0.10,,-3.99,,-6.81,-0.98,-7.79,,,
New Orleans,Sun Belt (West),,14,17,73.2,74.6,-1.39,,-5.62,,-0.18,-7.68,-7.86,,,
Lamar,Southland (East),,15,17,74.0,76.2,-2.22,,-3.54,,0.46,-8.35,-7.89,,,
Binghamton,AEC,,13,16,65.7,66.1,-0.45,,-6.96,,-5.54,-2.53,-8.06,,,
Manhattan,MAAC,,13,17,65.9,69.2,-3.27,,-4.78,,-5.23,-2.89,-8.12,,,
Georgia State,CAA,,11,20,64.3,71.8,-7.52,,-0.14,,-4.58,-3.56,-8.14,,,
Canisius,MAAC,,12,19,69.5,72.5,-3.06,,-5.16,,-2.17,-6.05,-8.22,,,
Rider,MAAC,,16,15,70.0,73.6,-3.68,,-4.88,,-0.38,-7.93,-8.31,,,
Troy,Sun Belt (East),,13,17,74.1,75.9,-1.83,,-5.25,,1.30,-9.68,-8.39,,,
Princeton,Ivy,,11,17,50.4,53.3,-2.96,,-5.70,,-22.32,13.80,-8.52,,,


Portland,WCC,,9,23,61.2,69.7,-8.47,,0.81,,-9.98,1.29,-8.69,,,
VMI,Big South,,14,19,100.9,98.2,2.76,,-5.44,,24.76,-33.48,-8.72,,,
Hartford,AEC,,13,18,62.1,65.5,-3.35,,-5.44,,-6.94,-1.85,-8.79,,,
Mount St. Mary's,NEC,,11,20,65.2,68.4,-3.16,,-5.65,,-7.50,-1.31,-8.81,,,
Southeastern Louisiana,Southland (East),,16,14,68.3,68.9,-0.60,,-5.98,,-6.88,-1.98,-8.87,,,
Jacksonville,A-Sun,,15,14,73.3,75.5,-2.21,,-4.01,,0.64,-9.52,-8.88,,,
North Carolina-Asheville,Big South,,12,19,69.3,73.5,-4.16,,-2.23,,-5.07,-3.82,-8.90,,,
Monmouth,NEC,,12,18,64.6,67.6,-3.00,,-5.96,,-8.33,-0.63,-8.96,,,
Army,Patriot,,15,16,61.2,61.0,0.13,,-4.52,,-11.58,2.53,-9.06,,,
Centenary (LA),Mid-Cont,,10,21,68.5,75.1,-6.55,,-2.62,,-3.07,-6.10,-9.17,,,
Texas-Rio Grande Valley,Ind,,14,15,68.4,66.8,1.62,,-5.53,,-6.13,-3.05,-9.18,,,
Quinnipiac,NEC,,14,15,72.0,73.0,-1.03,,-7.62,,-1.41,-7.82,-9.22,,,
Western Carolina,Southern (North),,11,20,70.3,73.6,-3.26,,-1.66,,-1.69,-7.74,-9.42,,,
Maryland-Baltimore County,AEC,,12,19,60.5,65.0,-4.55,,-4.92,,-9.37,-0.10,-9.47,,,
Wofford,Southern (South),,10,20,71.0,75.2,-4.23,,-2.49,,-0.56,-8.93,-9.49,,,
Louisiana-Monroe,Sun Belt (West),,18,14,72.0,72.4,-0.38,,-6.01,,-1.70,-7.86,-9.56,,,
Harvard,Ivy,,12,16,72.3,77.4,-5.11,,-4.56,,4.22,-13.89,-9.67,,,
Fairleigh Dickinson,NEC,,14,16,73.1,75.1,-2.03,,-6.67,,-0.19,-9.52,-9.71,,,
Florida A&M,MEAC,,21,14,70.5,70.5,0.00,,-7.49,,-2.66,-7.07,-9.73,,,
Little Rock,Sun Belt (West),,13,17,66.0,69.2,-3.20,,-5.56,,-7.72,-2.14,-9.87,,,


Hampton,MEAC,,15,16,68.2,68.6,-0.48,,-8.90,,-4.70,-5.40,-10.10,,,
Morehead State,OVC,,12,18,64.5,65.4,-0.87,,-7.51,,-8.63,-1.48,-10.12,,,
James Madison,CAA,,7,23,64.0,72.6,-8.63,,-1.11,,-5.30,-4.88,-10.18,,,
Florida Atlantic,Sun Belt (East),,16,15,74.9,78.0,-3.16,,-4.34,,1.97,-12.20,-10.24,,,
Colgate,Patriot,,10,19,57.0,61.1,-4.10,,-4.30,,-12.90,2.63,-10.27,,,
Stony Brook,AEC,,9,20,59.9,64.3,-4.45,,-5.55,,-10.02,-0.28,-10.30,,,
East Carolina,CUSA,,6,24,59.3,67.5,-8.20,,1.15,,-10.21,-0.16,-10.37,,,
Maine,AEC,,12,18,65.4,67.5,-2.13,,-5.25,,-5.69,-4.85,-10.54,,,
Purdue-Fort Wayne,Ind,,12,17,68.3,70.0,-1.62,,-0.71,,-3.24,-7.31,-10.54,,,
Campbell,A-Sun,,14,17,78.5,78.9,-0.42,,-5.42,,4.30,-15.18,-10.88,,,
Louisiana,Sun Belt (West),,9,21,67.1,72.7,-5.57,,-4.85,,-6.45,-4.43,-10.88,,,
Elon,Southern (North),,7,23,62.5,70.4,-7.93,,-1.48,,-9.59,-1.64,-11.23,,,
McNeese State,Southland (East),,15,17,63.4,67.3,-3.94,,-4.66,,-10.10,-1.24,-11.34,,,
Delaware,CAA,,5,26,60.5,69.8,-9.35,,-2.06,,-8.66,-2.76,-11.41,,,
St. Francis (NY),NEC,,9,22,63.1,69.0,-5.97,,-5.54,,-9.00,-2.51,-11.51,,,
Radford,Big South,,8,22,70.3,75.2,-4.97,,-4.25,,-3.86,-7.71,-11.57,,,
North Carolina A&T,MEAC,,15,17,73.4,72.4,1.00,,-10.09,,-1.02,-10.66,-11.68,,,
Montana State,Big Sky,,11,19,68.0,72.0,-4.03,,-4.23,,-5.95,-5.81,-11.75,,,
Tennessee State,OVC,,12,20,64.5,69.4,-4.91,,-5.69,,-7.30,-4.52,-11.82,,,
Texas-Arlington,Southland (West),,13,17,74.2,76.4,-2.23,,-6.42,,0.40,-12.24,-11.84,,,


Morgan State,MEAC,,13,18,68.0,70.3,-2.29,,-9.65,,-4.02,-8.12,-12.14,,,
Jackson State,SWAC,,21,14,71.1,73.5,-2.34,,-9.94,,-0.43,-11.84,-12.28,,,
New Hampshire,AEC,,10,20,58.7,64.7,-6.00,,-6.10,,-11.79,-0.49,-12.28,,,
Nicholls State,Southland (East),,8,22,71.5,80.9,-9.43,,-1.89,,0.44,-12.74,-12.30,,,
Wagner,NEC,,11,19,71.1,74.4,-3.33,,-7.56,,-3.18,-9.24,-12.42,,,
St. Bonaventure,A-10,,7,22,67.5,78.0,-10.48,,-1.47,,-2.82,-9.69,-12.50,,,
Idaho,WAC,,4,27,61.5,74.4,-12.90,,1.44,,-8.71,-3.86,-12.56,,,
South Carolina State,MEAC,,13,17,66.3,68.6,-2.33,,-9.91,,-8.64,-3.92,-12.57,,,
Jacksonville State,OVC,,9,21,66.6,71.5,-4.90,,-7.30,,-6.96,-5.77,-12.73,,,
Florida International,Sun Belt (East),,12,17,66.2,71.6,-5.41,,-5.77,,-8.01,-4.99,-13.00,,,
Eastern Illinois,OVC,,10,20,61.1,66.3,-5.20,,-7.12,,-10.45,-2.57,-13.01,,,
Dartmouth,Ivy,,9,18,58.9,67.3,-8.33,,-4.75,,-10.59,-2.50,-13.09,,,
Gardner-Webb,A-Sun,,9,21,63.4,72.1,-8.70,,-0.95,,-8.62,-4.49,-13.11,,,
Mercer,A-Sun,,13,17,72.6,77.6,-5.07,,-5.82,,-0.86,-12.26,-13.11,,,
Mississippi Valley State,SWAC,,18,16,61.1,62.7,-1.62,,-10.87,,-12.39,-0.73,-13.12,,,
Saint Francis (PA),NEC,,8,21,67.0,72.3,-5.24,,-6.74,,-7.74,-5.64,-13.39,,,
Southeast Missouri State,OVC,,11,20,69.5,76.9,-7.42,,-5.78,,-1.15,-12.40,-13.55,,,
Saint Peter's,MAAC,,5,25,59.6,66.6,-7.00,,-5.82,,-14.06,0.34,-13.72,,,
Long Island University,NEC,,10,19,69.2,73.0,-3.86,,-7.88,,-4.70,-9.14,-13.84,,,
Stetson,A-Sun,,11,20,66.3,72.4,-6.10,,-3.86,,-6.85,-7.00,-13.86,,,


Tennessee-Martin,OVC,,8,23,63.1,69.9,-6.74,,-6.55,,-7.83,-6.08,-13.91,,,
Lafayette,Patriot,,9,21,64.6,73.7,-9.07,,-2.38,,-3.40,-10.75,-14.16,,,
Sacramento State,Big Sky,,10,19,75.6,82.1,-6.52,,-2.68,,-0.88,-13.55,-14.43,,,
Citadel,Southern (South),,7,23,58.6,68.0,-9.43,,-0.81,,-14.45,-0.39,-14.84,,,
Western Illinois,Mid-Cont,,7,23,62.4,70.5,-8.07,,-4.88,,-10.06,-4.97,-15.02,,,
Charleston Southern,Big South,,8,22,68.1,73.3,-5.17,,-3.04,,-8.70,-6.38,-15.08,,,
UC-Riverside,Big West,,7,24,64.2,72.5,-8.32,,-3.08,,-9.54,-5.65,-15.19,,,
Coppin State,MEAC,,12,20,61.6,70.5,-8.88,,-5.17,,-9.64,-5.56,-15.20,,,
Iona,MAAC,,2,28,58.6,69.9,-11.27,,-3.97,,-12.41,-2.83,-15.24,,,
Texas-San Antonio,Southland (West),,7,22,57.1,66.3,-9.24,,-4.07,,-15.97,0.50,-15.47,,,
Savannah State,Ind,,12,18,57.1,64.6,-7.47,,-2.51,,-14.74,-1.21,-15.95,,,
Norfolk State,MEAC,,11,19,65.7,74.5,-8.83,,-8.21,,-6.04,-10.88,-16.92,,,
Arkansas-Pine Bluff,SWAC,,12,19,60.1,65.2,-5.16,,-10.86,,-14.87,-2.34,-17.21,,,
Texas State,Southland (West),,9,20,77.6,85.4,-7.90,,-6.11,,0.82,-18.29,-17.47,,,
Southern,SWAC,,10,21,59.3,67.0,-7.68,,-10.04,,-13.75,-3.97,-17.72,,,
Howard,MEAC,,9,22,64.8,72.0,-7.19,,-10.61,,-9.46,-8.34,-17.80,,,
Alabama State,SWAC,,10,20,60.9,66.9,-6.03,,-11.54,,-14.01,-3.89,-17.90,,,
Denver,Sun Belt (West),,4,25,64.0,75.7,-11.69,,-5.89,,-9.49,-8.67,-18.16,,,
Texas Southern,SWAC,,14,17,65.1,71.2,-6.13,,-11.70,,-9.88,-9.71,-19.59,,,
Grambling,SWAC,,12,14,64.2,70.2,-5.96,,-13.28,,-9.87,-10.12,-19.99,,,


Bethune-Cookman,MEAC,,9,21,54.4,64.2,-9.80,,-9.53,,-20.01,-0.70,-20.71,,,
Alcorn State,SWAC,,11,19,67.1,75.5,-8.43,,-13.23,,-9.24,-13.23,-22.48,,,
Maryland-Eastern Shore,MEAC,,4,27,60.6,73.5,-12.84,,-9.04,,-12.01,-10.96,-22.97,,,
Alabama A&M,SWAC,,10,20,61.9,68.4,-6.53,,-12.38,,-14.26,-9.29,-23.55,,,
Prairie View,SWAC,,8,22,60.0,71.6,-11.67,,-10.40,,-13.55,-10.18,-23.73,,,
