

Kansas,Big 12,,37,3,80.5,61.5,19.03,,8.20,,14.90,11.99,26.90,,,
North Carolina,ACC,,36,3,88.6,72.5,16.05,,8.12,,23.41,0.76,24.17,,,
Memphis,CUSA,,38,2,79.9,61.9,17.98,,5.76,,13.46,10.28,23.73,,,
UCLA,Pac-10,,35,4,73.5,59.0,14.54,,7.71,,8.60,13.10,21.71,,,
Duke,ACC,,28,6,83.2,69.4,13.79,,9.28,,16.48,5.04,21.52,,,
Wisconsin,Big Ten,,31,5,67.3,54.4,12.86,,6.73,,2.83,16.76,19.59,,,
Louisville,Big East,,27,9,72.5,61.5,11.00,,8.00,,7.15,11.85,19.00,,,
Georgetown,Big East,,28,6,69.6,58.1,11.50,,7.23,,4.06,14.67,18.73,,,
Marquette,Big East,,25,10,75.9,64.8,11.11,,8.09,,11.23,7.39,18.62,,,
Tennessee,SEC (East),,31,5,81.8,70.0,11.86,,7.84,,15.69,2.73,18.41,,,
Texas,Big 12,,31,7,75.5,64.9,10.55,,8.59,,9.93,8.20,18.13,,,
Clemson,ACC,,24,10,79.2,69.8,9.44,,9.08,,12.37,5.68,18.05,,,
West Virginia,Big East,,26,11,74.8,63.6,11.27,,7.16,,8.45,9.52,17.97,,,
Xavier,A-10,,30,7,75.1,63.4,11.70,,5.47,,8.40,8.76,17.17,,,
Washington State,Pac-10,,26,9,66.4,56.4,10.00,,6.35,,0.10,16.25,16.35,,,
Michigan State,Big Ten,,27,9,71.2,62.6,8.64,,7.68,,7.00,9.32,16.32,,,
Stanford,Pac-10,,28,8,70.9,61.6,9.36,,6.95,,5.60,10.71,16.31,,,
Texas A&M,Big 12,,25,11,70.8,61.6,9.22,,7.46,,4.82,11.38,16.20,,,
Notre Dame,Big East,,25,8,79.0,69.6,9.42,,7.03,,13.12,3.03,16.15,,,
Kansas State,Big 12,,21,12,78.0,68.9,9.09,,7.79,,12.61,3.17,15.79,,,


Indiana,Big Ten,,25,8,75.0,65.3,9.70,,6.08,,10.93,4.85,15.78,,,
Pittsburgh,Big East,,27,10,73.8,65.1,8.68,,7.84,,8.00,7.63,15.62,,,
Connecticut,Big East,,24,9,77.5,68.7,8.79,,6.76,,10.81,4.73,15.54,,,
Gonzaga,WCC,,25,8,76.5,63.8,12.67,,2.15,,9.29,5.52,14.81,,,
Arizona,Pac-10,,19,15,71.9,66.9,4.91,,10.22,,7.57,6.99,14.55,,,
Drake,MVC,,28,5,73.9,62.1,11.82,,4.15,,7.43,6.65,14.08,,,
Davidson,Southern (South),,29,7,77.9,63.2,14.69,,1.66,,8.49,5.44,13.93,,,
Southern California,Pac-10,,21,12,69.0,63.7,5.30,,8.59,,5.35,8.54,13.89,,,
Ohio State,Big Ten,,24,13,68.9,62.2,6.78,,7.97,,3.38,10.34,13.72,,,
Mississippi State,SEC (West),,23,11,73.2,65.5,7.68,,5.74,,5.74,7.68,13.42,,,
Purdue,Big Ten,,25,9,69.6,62.4,7.21,,5.90,,5.95,7.16,13.10,,,
Butler,Horizon,,30,4,68.8,58.4,10.41,,2.64,,2.38,10.63,13.00,,,
Syracuse,Big East,,21,14,79.0,74.3,4.69,,7.96,,12.91,-0.27,12.65,,,
New Mexico,MWC,,24,9,74.1,62.7,11.42,,1.72,,5.99,6.55,12.53,,,
Arkansas,SEC (West),,23,12,74.1,68.3,5.74,,6.73,,6.67,5.81,12.48,,,
Miami (FL),ACC,,23,11,74.8,67.9,6.85,,7.13,,7.49,4.89,12.38,,,
Florida,SEC (East),,24,12,77.5,67.6,9.94,,4.98,,8.39,3.96,12.34,,,
Mississippi,SEC (West),,24,11,79.5,72.9,6.54,,5.88,,13.28,-0.99,12.29,,,
Virginia Tech,ACC,,21,14,70.2,64.7,5.46,,6.54,,3.05,8.95,12.00,,,
Oklahoma,Big 12,,23,12,67.9,63.8,4.11,,7.85,,3.36,8.61,11.97,,,


Brigham Young,MWC,,27,8,73.7,63.2,10.49,,1.33,,5.74,6.08,11.82,,,
Missouri,Big 12,,16,16,77.1,72.3,4.88,,6.87,,12.35,-0.60,11.75,,,
Oregon,Pac-10,,18,14,76.6,72.5,4.03,,7.65,,12.03,-0.35,11.68,,,
Baylor,Big 12,,21,11,81.3,74.9,6.41,,5.75,,15.95,-4.50,11.46,,,
's (CA),WCC,,25,7,75.7,63.7,12.00,,0.36,,6.27,5.12,11.39,,,
Nebraska,Big 12,,20,13,67.1,60.7,6.42,,6.34,,0.38,10.92,11.31,,,
Villanova,Big East,,22,13,72.8,69.5,3.31,,7.69,,6.92,4.08,11.00,,,
Illinois,Big Ten,,16,19,63.6,61.1,2.51,,8.46,,0.25,10.73,10.98,,,
Vanderbilt,SEC (East),,26,8,80.0,74.6,5.41,,5.54,,12.11,-1.16,10.96,,,
Georgia Tech,ACC,,15,17,77.6,76.0,1.56,,9.57,,11.45,-0.69,10.77,,,
Florida State,ACC,,19,15,72.1,69.0,3.09,,7.31,,5.32,5.08,10.40,,,
Arizona State,Pac-10,,21,13,66.8,61.9,4.85,,6.28,,1.51,8.80,10.31,,,
Minnesota,Big Ten,,20,14,68.3,63.2,5.06,,6.50,,3.72,6.56,10.27,,,
Nevada-Las Vegas,MWC,,27,8,69.7,62.3,7.40,,4.02,,2.46,7.77,10.23,,,
Maryland,ACC,,19,15,73.0,69.8,3.24,,7.28,,7.34,2.40,9.74,,,
Saint Joseph's,A-10,,21,13,73.1,67.4,5.65,,3.98,,6.05,3.58,9.63,,,
Massachusetts,A-10,,25,11,81.5,75.7,5.83,,3.77,,14.43,-4.83,9.60,,,
Oklahoma State,Big 12,,17,16,68.4,66.5,1.94,,7.67,,2.99,6.40,9.39,,,
University of California,Pac-10,,17,16,76.4,75.1,1.30,,8.45,,12.29,-2.93,9.36,,,
Western Kentucky,Sun Belt (East),,29,7,77.4,66.8,10.61,,0.24,,7.93,1.41,9.34,,,


Wake Forest,ACC,,17,13,72.2,69.4,2.83,,8.83,,7.28,2.01,9.29,,,
Kentucky,SEC (East),,18,13,68.5,65.6,2.90,,7.09,,1.44,7.75,9.19,,,
Washington,Pac-10,,16,17,73.2,70.8,2.36,,8.00,,8.10,1.00,9.09,,,
Duquesne,A-10,,17,13,82.3,74.1,8.23,,1.85,,13.47,-4.51,8.96,,,
Southern Illinois,MVC,,18,15,62.6,59.7,2.85,,5.88,,-2.16,10.89,8.73,,,
Illinois State,MVC,,25,10,65.3,59.3,6.00,,3.44,,-0.93,9.58,8.64,,,
Rhode Island,A-10,,21,12,80.5,74.4,6.12,,2.29,,12.41,-4.00,8.42,,,
Houston,CUSA,,24,10,78.9,70.3,8.56,,-0.16,,10.19,-1.80,8.40,,,
Providence,Big East,,15,16,72.7,72.2,0.52,,7.86,,6.76,1.62,8.38,,,
Alabama-Birmingham,CUSA,,23,11,73.6,67.3,6.26,,2.09,,6.53,1.83,8.35,,,
Temple,A-10,,21,13,72.3,68.7,3.59,,4.57,,5.05,3.11,8.16,,,
Alabama,SEC (West),,17,16,75.3,72.8,2.42,,5.70,,8.19,-0.07,8.12,,,
Creighton,MVC,,22,11,71.5,66.0,5.55,,4.45,,4.85,3.21,8.06,,,
Dayton,A-10,,23,11,68.1,64.2,3.91,,4.06,,2.39,5.59,7.98,,,
South Alabama,Sun Belt (East),,26,7,75.1,65.4,9.70,,-1.21,,5.46,2.30,7.76,,,
Virginia,ACC,,17,16,76.8,74.8,1.97,,5.63,,9.32,-1.72,7.60,,,
Kent State,MAC (East),,28,7,68.9,61.9,7.06,,0.41,,1.96,5.51,7.47,,,
Texas Tech,Big 12,,16,15,69.9,69.3,0.61,,7.62,,4.52,2.83,7.35,,,
Utah,MWC,,18,15,68.5,63.8,4.79,,3.89,,1.39,5.96,7.35,,,
South Carolina,SEC (East),,14,18,72.3,71.1,1.19,,6.11,,4.52,2.78,7.30,,,


Tulsa,CUSA,,25,14,70.4,65.2,5.23,,2.97,,1.87,5.41,7.28,,,
Georgia,SEC (East),,17,17,68.1,67.4,0.71,,7.03,,0.83,6.42,7.24,,,
Virginia Commonwealth,CAA,,24,8,67.4,58.8,8.63,,-2.06,,-1.83,8.39,6.57,,,
Charlotte,A-10,,20,14,69.6,67.4,2.21,,4.34,,2.08,4.47,6.54,,,
Boston College,ACC,,14,17,71.1,72.4,-1.29,,7.75,,3.31,3.15,6.46,,,
Akron,MAC (East),,24,11,70.8,63.8,7.03,,0.33,,1.88,4.36,6.24,,,
Bradley,MVC,,21,17,73.8,71.7,2.13,,4.25,,8.86,-2.64,6.23,,,
George Mason,CAA,,23,11,69.3,62.5,6.82,,-0.75,,0.96,5.11,6.07,,,
Miami (OH),MAC (East),,17,16,62.5,60.6,1.91,,3.82,,-3.85,9.58,5.73,,,
Oral Roberts,Summit,,24,9,69.2,62.0,7.12,,-0.26,,-0.99,6.70,5.71,,,
Missouri State,MVC,,17,16,67.8,65.0,2.73,,3.43,,2.26,3.39,5.65,,,
Cal State Fullerton,Big West,,24,9,81.8,72.7,9.15,,-3.06,,11.86,-6.23,5.64,,,
Central Florida,CUSA,,16,15,73.2,69.0,4.19,,3.16,,4.80,0.81,5.61,,,
New Mexico State,WAC,,21,14,79.8,72.2,7.57,,-1.31,,7.89,-2.46,5.43,,,
North Carolina State,ACC,,15,16,67.3,69.7,-2.39,,9.06,,1.35,4.05,5.41,,,
San Diego State,MWC,,20,13,66.8,63.3,3.45,,2.15,,-0.30,5.51,5.21,,,
South Florida,Big East,,12,19,68.8,68.9,-0.10,,6.57,,1.25,3.92,5.17,,,
IUPUI,Summit,,26,7,76.1,64.6,11.45,,-2.41,,3.48,1.65,5.13,,,
Louisiana State,SEC (West),,13,18,68.7,69.2,-0.45,,5.66,,1.94,3.05,4.99,,,
Cincinnati,Big East,,13,19,64.6,67.8,-3.16,,8.51,,-0.43,5.29,4.86,,,


Seton Hall,Big East,,17,15,76.6,77.3,-0.63,,5.47,,10.56,-5.72,4.84,,,
Texas-El Paso,CUSA,,19,14,76.6,73.2,3.39,,1.54,,8.62,-3.83,4.79,,,
Penn State,Big Ten,,15,16,65.1,66.7,-1.55,,6.12,,1.74,2.83,4.57,,,
DePaul,Big East,,11,19,72.6,75.8,-3.20,,8.73,,6.25,-1.94,4.31,,,
Northern Iowa,MVC,,18,14,62.4,60.3,2.03,,3.61,,-4.21,8.49,4.28,,,
Siena,MAAC,,23,11,76.9,71.2,5.68,,-1.62,,5.61,-1.55,4.06,,,
Colorado,Big 12,,12,20,62.4,64.4,-2.00,,6.76,,-3.29,7.35,4.05,,,
Iowa State,Big 12,,14,18,64.0,65.6,-1.63,,7.97,,-0.98,4.95,3.97,,,
Ohio,MAC (East),,20,13,67.7,65.1,2.64,,1.30,,0.44,3.50,3.94,,,
Nevada,WAC,,21,12,75.4,70.6,4.79,,-0.11,,4.41,-0.49,3.92,,,
Southern Mississippi,CUSA,,19,14,72.4,66.7,5.64,,1.81,,0.91,2.86,3.77,,,
Winthrop,Big South,,22,12,64.9,58.5,6.32,,-1.45,,-7.17,10.78,3.61,,,
San Diego,WCC,,22,14,65.7,63.8,1.92,,1.45,,-3.71,7.10,3.39,,,
Cleveland State,Horizon,,21,13,67.1,63.6,3.53,,1.69,,-1.46,4.83,3.38,,,
Western Michigan,MAC (West),,20,12,69.7,65.0,4.72,,-0.51,,1.31,1.89,3.20,,,
Michigan,Big Ten,,10,22,62.7,67.6,-4.94,,7.99,,-0.12,3.18,3.05,,,
Illinois-Chicago,Horizon,,18,15,68.1,64.9,3.12,,0.64,,1.45,1.59,3.04,,,
St. John's (NY),Big East,,11,19,62.1,66.5,-4.37,,7.30,,-4.00,6.94,2.94,,,
Iowa,Big Ten,,13,19,56.1,58.0,-1.97,,5.23,,-8.98,11.76,2.77,,,
Old Dominion,CAA,,18,16,66.6,64.4,2.18,,0.28,,-0.96,3.41,2.45,,,


Wright State,Horizon,,21,10,62.7,60.4,2.35,,0.48,,-5.18,7.56,2.38,,,
Valparaiso,Horizon,,22,14,71.1,67.9,3.17,,1.29,,2.89,-0.54,2.35,,,
Auburn,SEC (West),,14,16,71.4,72.8,-1.40,,4.70,,3.41,-1.10,2.31,,,
Marshall,CUSA,,16,14,67.3,65.7,1.57,,2.17,,-0.25,2.42,2.17,,,
North Carolina-Greensboro,Southern (North),,19,12,70.8,66.5,4.29,,-1.41,,-0.15,2.12,1.97,,,
Rider,MAAC,,23,11,76.8,70.6,6.18,,-3.72,,5.80,-3.94,1.86,,,
Portland State,Big Sky,,23,10,73.9,68.0,5.85,,-3.01,,4.11,-2.38,1.72,,,
Utah State,WAC,,24,11,73.9,68.1,5.71,,-2.58,,2.31,-0.60,1.71,,,
Boise State,WAC,,25,9,81.4,75.5,5.88,,-2.07,,10.33,-8.73,1.60,,,
North Texas,Sun Belt (West),,20,11,76.9,70.5,6.48,,-2.72,,4.08,-2.54,1.53,,,
Indiana State,MVC,,15,16,65.1,66.6,-1.48,,4.11,,-0.04,1.52,1.48,,,
Stephen F. Austin,Southland (West),,26,6,67.2,56.4,10.81,,-6.17,,-7.16,8.59,1.42,,,
Cal State Northridge,Big West,,20,10,78.0,71.1,6.93,,-2.81,,5.94,-4.71,1.23,,,
UC-Santa Barbara,Big West,,23,9,69.8,64.5,5.28,,-3.16,,-2.21,3.39,1.17,,,
Wichita State,MVC,,11,20,62.5,64.4,-1.81,,2.85,,-4.23,5.27,1.04,,,
Cornell,Ivy,,22,6,76.3,68.5,7.82,,-4.74,,6.17,-5.41,0.76,,,
Air Force,MWC,,16,14,58.7,57.2,1.50,,0.19,,-10.66,11.09,0.44,,,
Tulane,CUSA,,17,15,65.7,66.4,-0.69,,2.15,,-3.00,3.41,0.41,,,
Saint Louis,A-10,,16,15,60.1,61.6,-1.52,,3.05,,-8.34,8.65,0.31,,,
Richmond,A-10,,16,15,63.7,66.0,-2.32,,2.55,,-4.93,5.16,0.22,,,


Pacific,Big West,,21,10,72.2,66.4,5.77,,-4.22,,0.51,-0.42,0.09,,,
Maryland-Baltimore County,AEC,,24,9,74.2,68.4,5.82,,-4.53,,4.01,-3.94,0.06,,,
Green Bay,Horizon,,15,15,69.0,70.0,-0.97,,1.53,,1.27,-1.31,-0.04,,,
Georgia Southern,Southern (South),,20,12,75.0,71.4,3.56,,-2.17,,3.96,-4.04,-0.07,,,
Robert Morris,NEC,,26,8,75.0,68.5,6.50,,-6.57,,2.38,-2.45,-0.07,,,
Belmont,A-Sun,,25,9,79.8,73.4,6.38,,-3.44,,6.55,-6.67,-0.12,,,
Fordham,A-10,,12,17,64.8,67.1,-2.31,,4.32,,-4.35,4.19,-0.16,,,
Niagara,MAAC,,19,10,76.5,73.1,3.45,,-3.61,,5.37,-5.53,-0.16,,,
Oakland,Summit,,17,14,76.4,73.6,2.77,,-0.81,,7.16,-7.33,-0.17,,,
La Salle,A-10,,15,17,75.8,76.2,-0.47,,2.08,,5.40,-5.58,-0.19,,,
Sam Houston State,Southland (West),,23,8,70.7,61.6,9.13,,-5.25,,-2.82,2.57,-0.25,,,
Brown,Ivy,,19,10,68.9,64.9,4.00,,-4.65,,-2.71,2.06,-0.65,,,
Marist,MAAC,,18,14,69.9,68.8,1.16,,-1.83,,-0.51,-0.17,-0.68,,,
Appalachian State,Southern (North),,18,13,71.4,69.3,2.16,,-2.77,,0.59,-1.30,-0.71,,,
Northern Arizona,Big Sky,,21,11,72.9,68.6,4.34,,-3.81,,0.94,-1.66,-0.71,,,
Santa Clara,WCC,,15,16,63.0,61.4,1.61,,-0.98,,-7.21,6.44,-0.77,,,
Texas Christian,MWC,,14,16,67.9,67.8,0.10,,-0.37,,-0.25,-0.68,-0.92,,,
Milwaukee,Horizon,,14,16,66.9,68.7,-1.83,,2.19,,-0.13,-0.86,-0.99,,,
UC-Irvine,Big West,,18,16,68.0,65.8,2.18,,-2.41,,-2.86,1.66,-1.20,,,
Chattanooga,Southern (North),,18,13,75.6,72.9,2.71,,-1.12,,4.62,-5.84,-1.22,,,


Northwestern,Big Ten,,8,22,61.8,67.9,-6.13,,6.15,,-3.52,2.22,-1.30,,,
Northeastern,CAA,,14,17,63.4,63.6,-0.26,,-1.10,,-5.07,3.71,-1.36,,,
Rutgers,Big East,,11,20,62.2,68.5,-6.29,,7.07,,-5.54,3.97,-1.57,,,
George Washington,A-10,,9,17,63.4,68.3,-4.85,,3.15,,-4.30,2.60,-1.70,,,
American,Patriot,,21,12,64.8,62.1,2.76,,-4.00,,-4.60,2.73,-1.87,,,
North Carolina-Wilmington,CAA,,20,13,72.6,71.4,1.24,,-2.42,,3.88,-5.76,-1.89,,,
Austin Peay,OVC,,24,11,74.0,70.8,3.23,,-5.24,,1.36,-3.57,-2.21,,,
College of Charleston,Southern (South),,16,17,72.5,72.4,0.09,,-2.31,,1.88,-4.10,-2.22,,,
Lamar,Southland (East),,19,11,81.5,73.5,7.97,,-4.10,,6.88,-9.28,-2.41,,,
North Carolina-Asheville,Big South,,23,10,75.1,70.2,4.88,,-4.41,,1.33,-3.88,-2.55,,,
Holy Cross,Patriot,,15,14,61.4,60.5,0.93,,-3.60,,-8.60,5.93,-2.67,,,
Middle Tennessee,Sun Belt (East),,17,15,68.1,69.3,-1.13,,-0.23,,-3.52,0.75,-2.78,,,
Loyola (MD),MAAC,,19,14,71.7,70.8,0.88,,-3.20,,0.96,-3.81,-2.85,,,
Texas-Arlington,Southland (West),,21,12,73.4,68.9,4.48,,-4.62,,1.13,-4.00,-2.87,,,
Fresno State,WAC,,13,19,68.8,69.3,-0.56,,-0.91,,-1.93,-1.05,-2.99,,,
New Orleans,Sun Belt (West),,19,13,73.5,71.5,2.03,,-3.56,,2.54,-5.59,-3.06,,,
Eastern Michigan,MAC (West),,14,17,66.3,67.6,-1.35,,-1.82,,-3.64,0.46,-3.18,,,
Central Michigan,MAC (West),,14,17,71.2,72.4,-1.16,,0.19,,2.01,-5.23,-3.22,,,
Little Rock,Sun Belt (West),,20,11,65.3,61.9,3.35,,-4.26,,-7.37,4.12,-3.26,,,
Mount St. Mary's,NEC,,19,15,69.2,67.7,1.53,,-5.12,,-3.87,0.28,-3.59,,,


Louisiana,Sun Belt (West),,15,15,65.0,65.8,-0.80,,-2.10,,-6.34,2.67,-3.67,,,
Buffalo,MAC (East),,10,20,71.5,75.0,-3.50,,0.61,,3.53,-7.43,-3.90,,,
Weber State,Big Sky,,16,14,66.4,65.7,0.77,,-3.50,,-5.40,1.48,-3.92,,,
Wyoming,MWC,,12,18,69.0,72.4,-3.33,,1.86,,1.42,-5.35,-3.92,,,
Gardner-Webb,A-Sun,,16,16,77.0,75.5,1.56,,-3.66,,3.77,-7.78,-4.01,,,
Albany (NY),AEC,,15,15,68.3,66.4,1.87,,-5.92,,-3.21,-0.84,-4.05,,,
William & Mary,CAA,,17,16,62.4,62.8,-0.42,,-1.38,,-7.39,3.31,-4.08,,,
Loyola (IL),Horizon,,12,19,61.3,63.7,-2.45,,0.55,,-7.20,3.06,-4.14,,,
Vermont,AEC,,16,15,72.3,70.1,2.19,,-5.77,,-0.22,-3.95,-4.17,,,
Montana,Big Sky,,14,16,69.4,66.6,2.77,,-4.00,,-1.81,-2.42,-4.23,,,
East Tennessee State,A-Sun,,19,13,78.6,77.2,1.38,,-1.89,,5.34,-9.58,-4.24,,,
Morgan State,MEAC,,22,11,67.5,62.4,5.09,,-8.60,,-4.31,0.06,-4.25,,,
East Carolina,CUSA,,11,19,68.3,72.7,-4.43,,2.84,,-0.05,-4.23,-4.28,,,
Murray State,OVC,,18,13,73.0,69.1,3.90,,-6.97,,-1.84,-2.58,-4.42,,,
Lafayette,Patriot,,15,15,74.9,74.0,0.93,,-4.68,,5.51,-10.08,-4.57,,,
Evansville,MVC,,9,21,59.5,65.5,-6.03,,2.07,,-6.78,2.16,-4.62,,,
Elon,Southern (North),,14,19,62.8,65.3,-2.48,,-1.91,,-7.96,3.25,-4.71,,,
Lipscomb,A-Sun,,15,16,71.5,70.2,1.32,,-4.88,,-0.32,-4.64,-4.97,,,
Bowling Green State,MAC (East),,13,17,63.5,67.9,-4.47,,-0.63,,-4.86,-0.23,-5.09,,,
High Point,Big South,,17,14,71.0,62.7,8.29,,-6.41,,-5.94,0.84,-5.10,,,


James Madison,CAA,,13,17,72.9,74.0,-1.03,,-4.09,,2.42,-7.55,-5.13,,,
Purdue-Fort Wayne,Summit,,13,18,68.9,70.0,-1.16,,0.96,,-3.16,-2.09,-5.25,,,
Central Connecticut State,NEC,,14,16,69.8,68.5,1.37,,-6.68,,-3.89,-1.42,-5.31,,,
Hawaii,WAC,,11,19,70.4,73.3,-2.90,,-2.42,,0.21,-5.53,-5.32,,,
St. Bonaventure,A-10,,8,22,66.4,72.4,-5.97,,1.08,,-2.16,-3.17,-5.33,,,
Hampton,MEAC,,18,12,65.2,62.6,2.53,,-8.03,,-6.30,0.74,-5.57,,,
Toledo,MAC (West),,11,19,59.8,66.9,-7.13,,1.55,,-8.66,3.07,-5.58,,,
Ball State,MAC (West),,6,24,57.8,63.9,-6.17,,0.50,,-9.68,4.08,-5.61,,,
Colgate,Patriot,,18,14,65.5,64.9,0.59,,-5.06,,-6.84,1.21,-5.63,,,
Florida Atlantic,Sun Belt (East),,15,18,71.7,74.1,-2.45,,-2.38,,2.00,-7.64,-5.64,,,
Fairfield,MAAC,,14,16,65.7,68.9,-3.17,,-2.51,,-4.57,-1.10,-5.67,,,
Youngstown State,Horizon,,9,21,64.8,70.0,-5.20,,1.74,,-3.14,-2.62,-5.76,,,
Wofford,Southern (South),,16,16,67.1,66.8,0.34,,-1.42,,-4.29,-1.48,-5.77,,,
Southeastern Louisiana,Southland (East),,17,13,67.7,62.4,5.27,,-5.53,,-8.39,2.61,-5.78,,,
Delaware,CAA,,14,17,63.1,66.5,-3.39,,-2.43,,-5.24,-0.58,-5.82,,,
Navy,Patriot,,16,14,76.3,73.6,2.70,,-7.68,,5.27,-11.15,-5.88,,,
Sacred Heart,NEC,,18,14,71.9,71.5,0.41,,-6.30,,-0.10,-5.80,-5.90,,,
Hofstra,CAA,,12,18,66.3,69.2,-2.93,,-3.00,,-2.68,-3.25,-5.93,,,
Long Island University,NEC,,15,15,72.4,71.7,0.70,,-6.72,,-0.07,-5.95,-6.02,,,
Liberty,Big South,,16,16,69.4,66.7,2.78,,-5.96,,-5.02,-1.08,-6.10,,,


Denver,Sun Belt (West),,11,19,56.6,60.4,-3.77,,-2.22,,-14.23,8.09,-6.14,,,
Oregon State,Pac-10,,6,25,59.9,70.8,-10.90,,7.34,,-5.99,-0.21,-6.20,,,
Southern Utah,Summit,,11,19,69.1,73.1,-4.07,,-2.02,,-3.19,-3.16,-6.35,,,
Detroit Mercy,Horizon,,7,23,58.8,65.4,-6.57,,1.00,,-8.32,1.94,-6.38,,,
Yale,Ivy,,13,15,68.5,69.3,-0.75,,-3.88,,-2.83,-3.71,-6.54,,,
Boston University,AEC,,14,17,63.0,64.8,-1.77,,-4.91,,-8.35,1.66,-6.69,,,
Iona,MAAC,,12,20,65.6,69.0,-3.44,,-3.27,,-6.07,-0.64,-6.71,,,
Montana State,Big Sky,,15,15,72.7,72.2,0.43,,-4.85,,0.24,-7.06,-6.82,,,
Binghamton,AEC,,14,16,65.9,66.7,-0.83,,-6.00,,-6.52,-0.32,-6.84,,,
Bucknell,Patriot,,12,19,62.1,65.3,-3.16,,-3.88,,-8.24,1.36,-6.88,,,
Tennessee State,OVC,,15,17,75.1,75.6,-0.47,,-5.65,,1.97,-8.93,-6.95,,,
Missouri-Kansas City,Summit,,11,21,68.7,74.5,-5.81,,-0.37,,-0.93,-6.03,-6.97,,,
Wagner,NEC,,23,8,71.5,70.9,0.61,,-7.62,,-1.66,-5.34,-7.01,,,
San Francisco,WCC,,10,21,66.7,71.9,-5.16,,-0.95,,-2.72,-4.30,-7.02,,,
Troy,Sun Belt (East),,12,19,76.3,80.5,-4.23,,-1.99,,4.86,-11.89,-7.03,,,
Northern Colorado,Big Sky,,13,16,69.1,70.2,-1.14,,-4.71,,-1.03,-6.01,-7.05,,,
Colorado State,MWC,,7,25,64.1,72.4,-8.34,,2.80,,-3.79,-3.31,-7.09,,,
Florida International,Sun Belt (East),,9,20,64.0,69.8,-5.86,,0.22,,-7.38,0.29,-7.09,,,
Towson,CAA,,13,18,65.4,68.8,-3.42,,-2.83,,-4.21,-2.88,-7.10,,,
Eastern Washington,Big Sky,,11,19,63.2,67.1,-3.83,,-2.06,,-7.16,-0.22,-7.38,,,


Georgia State,CAA,,9,21,61.6,66.2,-4.67,,-2.97,,-7.59,-0.01,-7.60,,,
Drexel,CAA,,12,20,59.5,64.5,-5.00,,-1.85,,-10.28,2.65,-7.63,,,
Alabama State,SWAC,,20,11,71.0,65.0,6.00,,-12.70,,-4.64,-3.10,-7.73,,,
Lehigh,Patriot,,14,15,63.8,65.3,-1.55,,-5.82,,-6.58,-1.17,-7.74,,,
Arkansas State,Sun Belt (West),,10,20,70.6,72.8,-2.23,,-2.02,,-0.65,-7.10,-7.75,,,
Tennessee Tech,OVC,,13,19,75.3,74.7,0.66,,-6.87,,0.12,-8.07,-7.95,,,
Manhattan,MAAC,,12,19,69.3,71.2,-1.90,,-4.61,,-2.12,-5.86,-7.98,,,
Pepperdine,WCC,,11,21,73.9,79.7,-5.81,,-0.06,,3.55,-11.55,-8.00,,,
Quinnipiac,NEC,,15,15,74.2,75.1,-0.93,,-7.08,,2.00,-10.01,-8.01,,,
Jacksonville,A-Sun,,18,13,72.5,72.9,-0.39,,-3.61,,-1.42,-6.67,-8.09,,,
Western Carolina,Southern (North),,10,21,63.8,69.0,-5.19,,-1.20,,-7.23,-0.94,-8.16,,,
Tennessee-Martin,OVC,,17,16,77.6,77.3,0.27,,-6.37,,3.44,-11.68,-8.24,,,
Louisiana-Monroe,Sun Belt (West),,10,21,68.0,72.4,-4.35,,-0.39,,-1.36,-6.92,-8.28,,,
Southern Methodist,CUSA,,10,20,63.9,71.4,-7.50,,0.92,,-6.26,-2.15,-8.41,,,
Columbia,Ivy,,14,15,63.7,64.1,-0.45,,-5.79,,-9.44,0.99,-8.45,,,
Army,Patriot,,14,16,59.0,62.1,-3.07,,-5.04,,-12.16,3.54,-8.62,,,
Portland,WCC,,9,22,63.1,68.9,-5.74,,-1.24,,-7.00,-1.61,-8.62,,,
Hartford,AEC,,18,16,70.8,74.3,-3.47,,-5.28,,-0.54,-8.21,-8.75,,,
Nicholls State,Southland (East),,10,21,64.7,69.8,-5.06,,-1.13,,-8.87,-0.30,-9.17,,,
San Jose State,WAC,,13,19,66.8,72.1,-5.34,,-1.66,,-4.53,-4.67,-9.20,,,


Texas A&M-Corpus Christi,Southland (West),,9,20,64.0,70.0,-5.97,,-2.82,,-7.70,-1.51,-9.21,,,
Northern Illinois,MAC (West),,6,22,65.7,75.4,-9.68,,0.38,,-1.48,-7.82,-9.30,,,
McNeese State,Southland (East),,13,16,64.7,66.6,-1.93,,-3.59,,-7.06,-2.37,-9.43,,,
Cal Poly,Big West,,12,18,63.2,69.0,-5.83,,-2.08,,-7.03,-2.45,-9.48,,,
VMI,Big South,,14,15,91.3,87.2,4.10,,-7.32,,12.92,-22.40,-9.48,,,
Eastern Kentucky,OVC,,14,16,63.0,64.4,-1.43,,-6.34,,-11.28,1.58,-9.70,,,
Texas State,Southland (West),,13,16,83.6,84.8,-1.24,,-5.35,,11.16,-20.97,-9.80,,,
Mercer,A-Sun,,11,19,76.2,78.5,-2.30,,-5.68,,2.38,-12.19,-9.81,,,
New Hampshire,AEC,,9,20,67.6,69.6,-1.93,,-6.11,,-5.22,-4.63,-9.86,,,
Saint Peter's,MAAC,,6,24,66.7,72.6,-5.90,,-4.11,,-5.43,-4.58,-10.01,,,
Rice,CUSA,,3,27,55.9,69.0,-13.07,,2.78,,-12.89,2.60,-10.29,,,
Pennsylvania,Ivy,,13,18,67.6,74.5,-6.84,,-3.75,,-2.36,-8.05,-10.40,,,
Texas-San Antonio,Southland (West),,13,17,63.4,67.1,-3.67,,-2.95,,-10.12,-0.32,-10.43,,,
Western Illinois,Summit,,12,18,67.2,71.6,-4.40,,-1.67,,-6.13,-4.32,-10.45,,,
Texas-Rio Grande Valley,Ind,,18,13,73.7,70.7,2.97,,-6.94,,-3.51,-7.00,-10.51,,,
Chicago State,Ind,,11,17,73.2,79.3,-6.11,,1.47,,0.32,-10.94,-10.63,,,
UC-Riverside,Big West,,9,21,60.1,67.6,-7.53,,-2.02,,-10.91,0.18,-10.73,,,
Idaho,WAC,,8,21,64.8,71.6,-6.83,,-1.04,,-6.59,-4.16,-10.75,,,
Harvard,Ivy,,8,22,68.5,74.4,-5.90,,-4.86,,-1.92,-8.84,-10.76,,,
Centenary (LA),Summit,,10,21,69.8,77.3,-7.45,,-1.71,,-3.75,-7.11,-10.86,,,


Northwestern State,Southland (East),,15,18,73.8,79.5,-5.67,,-2.70,,1.58,-12.68,-11.11,,,
Morehead State,OVC,,15,15,64.8,67.6,-2.77,,-6.31,,-10.12,-1.16,-11.27,,,
Princeton,Ivy,,6,23,57.7,64.2,-6.52,,-4.05,,-13.78,2.35,-11.42,,,
Stetson,A-Sun,,16,16,65.3,68.3,-2.94,,-5.67,,-9.61,-1.81,-11.42,,,
Delaware State,MEAC,,14,16,59.0,61.8,-2.80,,-6.88,,-14.06,2.55,-11.51,,,
Coastal Carolina,Big South,,13,15,69.1,71.6,-2.43,,-5.44,,-5.89,-5.63,-11.52,,,
Campbell,A-Sun,,10,20,71.5,74.6,-3.10,,-6.62,,-3.80,-8.12,-11.91,,,
Samford,OVC,,14,16,59.7,61.8,-2.10,,-7.19,,-16.19,4.22,-11.97,,,
Idaho State,Big Sky,,12,19,59.9,68.7,-8.84,,-2.14,,-10.90,-1.10,-12.00,,,
Stony Brook,AEC,,7,23,61.2,66.6,-5.37,,-6.50,,-11.11,-1.25,-12.36,,,
St. Francis (NY),NEC,,7,22,67.3,73.7,-6.34,,-6.29,,-5.38,-7.26,-12.64,,,
Furman,Southern (South),,7,23,61.2,71.4,-10.17,,-2.39,,-9.25,-3.48,-12.73,,,
Cal State Long Beach,Big West,,6,25,62.7,72.3,-9.61,,-2.92,,-8.88,-4.00,-12.89,,,
Monmouth,NEC,,7,24,59.2,67.1,-7.90,,-5.22,,-13.78,0.66,-13.13,,,
Fairleigh Dickinson,NEC,,8,20,70.0,78.2,-8.14,,-5.12,,-2.03,-11.24,-13.27,,,
Saint Francis (PA),NEC,,6,23,63.7,71.2,-7.52,,-5.27,,-8.67,-4.85,-13.52,,,
Norfolk State,MEAC,,16,15,69.6,70.6,-1.00,,-11.97,,-4.32,-9.33,-13.65,,,
Southeast Missouri State,OVC,,12,19,76.6,82.2,-5.65,,-6.99,,4.38,-18.16,-13.78,,,
Canisius,MAAC,,6,25,62.0,73.2,-11.16,,-3.14,,-9.78,-4.52,-14.30,,,
Coppin State,MEAC,,16,21,59.8,66.0,-6.24,,-6.20,,-12.38,-2.13,-14.51,,,


Dartmouth,Ivy,,10,18,63.2,69.0,-5.86,,-7.19,,-9.99,-4.57,-14.56,,,
North Carolina A&T,MEAC,,15,16,69.8,71.9,-2.10,,-6.48,,-4.81,-9.75,-14.56,,,
Eastern Illinois,OVC,,7,22,63.2,69.0,-5.76,,-7.97,,-10.52,-4.20,-14.72,,,
Radford,Big South,,10,20,70.9,79.3,-8.33,,-3.15,,-2.43,-12.29,-14.72,,,
UC-Davis,Big West,,9,22,63.3,71.5,-8.16,,-2.68,,-8.98,-6.04,-15.02,,,
Charleston Southern,Big South,,10,20,74.2,76.9,-2.73,,-4.63,,-1.91,-13.31,-15.23,,,
Mississippi Valley State,SWAC,,17,16,61.7,65.9,-4.18,,-9.50,,-13.38,-1.90,-15.28,,,
Jacksonville State,OVC,,7,22,72.3,77.6,-5.28,,-8.59,,-3.96,-11.38,-15.34,,,
Louisiana Tech,WAC,,6,24,60.8,71.8,-11.03,,-4.35,,-11.09,-4.33,-15.42,,,
Florida A&M,MEAC,,15,17,64.5,70.3,-5.72,,-7.18,,-8.09,-7.36,-15.45,,,
South Carolina State,MEAC,,13,20,70.6,75.8,-5.15,,-9.23,,-3.02,-12.88,-15.90,,,
Bethune-Cookman,MEAC,,11,21,58.2,61.8,-3.56,,-10.89,,-16.18,0.21,-15.97,,,
Southern,SWAC,,11,19,62.8,66.8,-4.03,,-11.16,,-13.52,-2.53,-16.05,,,
Alabama A&M,SWAC,,14,15,65.9,67.3,-1.45,,-12.97,,-11.25,-4.89,-16.14,,,
Jackson State,SWAC,,14,20,68.8,74.2,-5.35,,-10.78,,-4.45,-11.69,-16.14,,,
Savannah State,Ind,,13,18,59.5,66.9,-7.32,,-2.76,,-13.73,-2.51,-16.24,,,
Maine,AEC,,7,23,63.7,71.9,-8.17,,-4.89,,-8.59,-7.65,-16.25,,,
Loyola Marymount,WCC,,5,26,61.9,78.5,-16.68,,-0.05,,-7.39,-9.56,-16.94,,,
Citadel,Southern (South),,6,24,63.4,74.3,-10.83,,-1.14,,-9.79,-7.20,-16.99,,,
Sacramento State,Big Sky,,4,24,64.5,77.0,-12.54,,-1.90,,-7.21,-10.29,-17.50,,,


Arkansas-Pine Bluff,SWAC,,13,18,60.3,64.5,-4.19,,-12.56,,-15.83,-1.97,-17.80,,,
Longwood,Ind,,9,22,68.4,77.2,-8.84,,-4.92,,-7.54,-11.19,-18.73,,,
Texas Southern,SWAC,,7,25,62.8,74.7,-11.88,,-9.03,,-10.36,-10.55,-20.91,,,
Prairie View,SWAC,,8,22,65.9,76.2,-10.30,,-9.70,,-8.84,-12.52,-21.36,,,
Howard,MEAC,,6,26,56.8,70.9,-14.09,,-7.73,,-16.65,-5.82,-22.46,,,
Alcorn State,SWAC,,7,24,67.7,78.9,-11.13,,-11.47,,-6.78,-16.34,-23.12,,,
Grambling,SWAC,,7,19,66.7,77.1,-10.42,,-12.41,,-8.64,-14.85,-23.49,,,
Maryland-Eastern Shore,MEAC,,4,28,58.7,74.8,-16.13,,-7.82,,-12.77,-10.98,-23.75,,,
