

Duke,ACC,,35,5,77.0,61.0,15.95,,9.21,,13.17,12.04,25.21,,,
Kansas,Big 12,,33,3,81.6,64.2,17.36,,8.25,,15.06,9.62,24.68,,,
Syracuse,Big East,,30,5,80.9,66.4,14.51,,7.21,,14.90,6.82,21.72,,,
Kentucky,SEC (East),,35,3,79.3,64.9,14.32,,6.82,,13.30,7.84,21.13,,,
Kansas State,Big 12,,29,8,79.7,69.8,9.86,,10.28,,14.47,5.41,19.88,,,
Ohio State,Big Ten,,29,8,74.1,61.5,12.59,,7.37,,10.34,9.15,19.49,,,
West Virginia,Big East,,31,7,72.4,63.5,8.89,,10.26,,7.60,11.56,19.16,,,
Brigham Young,MWC,,30,6,83.1,66.4,16.67,,3.00,,16.12,2.70,18.82,,,
Texas,Big 12,,24,10,81.2,70.0,11.18,,7.38,,15.28,3.28,18.56,,,
Baylor,Big 12,,28,8,77.0,65.6,11.36,,8.03,,9.58,8.39,17.97,,,
Wisconsin,Big Ten,,24,9,67.1,56.9,10.18,,7.66,,2.31,15.54,17.84,,,
Maryland,ACC,,24,9,79.7,68.3,11.36,,7.95,,14.63,3.13,17.75,,,
Purdue,Big Ten,,29,6,70.5,61.3,9.23,,8.81,,6.09,11.43,17.52,,,
Missouri,Big 12,,23,11,77.3,66.2,11.03,,6.36,,11.31,6.08,17.39,,,
University of California,Pac-10,,24,11,77.2,68.2,9.03,,8.26,,13.43,3.86,17.29,,,
Georgetown,Big East,,23,11,73.5,66.1,7.47,,9.56,,9.38,7.65,17.03,,,
Villanova,Big East,,25,8,81.8,72.8,8.97,,7.75,,16.74,-0.02,16.72,,,
Xavier,A-10,,26,9,79.8,69.5,10.29,,5.94,,14.53,1.69,16.23,,,
Tennessee,SEC (East),,28,9,73.5,65.2,8.30,,7.75,,7.86,8.19,16.05,,,
Clemson,ACC,,21,11,73.4,64.5,8.91,,7.90,,8.25,7.46,15.71,,,


Minnesota,Big Ten,,21,14,72.4,64.1,8.31,,7.32,,8.09,7.55,15.64,,,
Washington,Pac-10,,26,10,79.2,70.0,9.22,,7.49,,13.31,2.33,15.64,,,
Michigan State,Big Ten,,28,9,71.8,63.8,8.03,,8.17,,7.35,7.99,15.33,,,
Texas A&M,Big 12,,24,10,71.4,64.5,6.88,,9.80,,5.70,9.54,15.24,,,
Vanderbilt,SEC (East),,24,9,76.9,68.9,7.97,,7.86,,11.84,3.40,15.24,,,
Marquette,Big East,,22,12,73.1,64.6,8.44,,8.23,,5.90,9.27,15.17,,,
Florida State,ACC,,22,10,68.2,60.4,7.84,,6.79,,2.60,12.03,14.64,,,
Butler,Horizon,,33,5,68.7,59.4,9.29,,5.08,,2.50,11.87,14.37,,,
Pittsburgh,Big East,,25,9,68.7,61.8,6.91,,7.39,,2.66,11.64,14.30,,,
Georgia Tech,ACC,,23,13,72.8,65.7,7.11,,9.02,,7.49,6.62,14.11,,,
Louisville,Big East,,20,13,75.9,69.8,6.09,,7.99,,10.13,3.95,14.08,,,
Arizona State,Pac-10,,22,11,66.7,58.7,8.00,,5.83,,1.61,12.19,13.80,,,
Utah State,WAC,,27,8,73.1,59.9,13.20,,1.23,,3.15,10.47,13.62,,,
Mississippi,SEC (West),,24,11,78.4,70.7,7.69,,5.77,,11.95,1.51,13.46,,,
Saint Mary's (CA),WCC,,28,6,78.5,66.4,12.06,,2.20,,10.03,3.35,13.38,,,
Dayton,A-10,,25,12,70.2,62.3,7.95,,5.61,,3.27,9.98,13.25,,,
Notre Dame,Big East,,23,12,75.3,68.4,6.91,,6.22,,9.82,3.32,13.14,,,
Texas-El Paso,CUSA,,26,7,75.3,64.6,10.70,,1.96,,6.96,5.70,12.66,,,
Nevada-Las Vegas,MWC,,25,9,73.1,63.8,9.32,,4.82,,5.98,6.59,12.57,,,
Mississippi State,SEC (West),,24,12,72.8,64.9,7.94,,4.60,,6.17,6.38,12.55,,,


Connecticut,Big East,,18,16,70.0,66.6,3.35,,9.15,,5.63,6.87,12.50,,,
New Mexico,MWC,,30,5,75.9,67.2,8.66,,3.84,,9.65,2.84,12.49,,,
Temple,A-10,,29,6,64.9,56.8,8.17,,4.27,,-2.60,15.04,12.44,,,
Oklahoma State,Big 12,,22,11,73.8,68.0,5.88,,6.97,,7.29,5.05,12.34,,,
Gonzaga,WCC,,27,7,76.9,67.4,9.50,,3.83,,9.27,2.84,12.11,,,
Northern Iowa,MVC,,30,5,63.3,55.1,8.20,,4.27,,-2.81,14.84,12.03,,,
Florida,SEC (East),,21,13,72.2,66.4,5.79,,7.16,,5.81,6.08,11.89,,,
Memphis,CUSA,,24,10,75.4,65.7,9.76,,3.65,,7.34,4.40,11.74,,,
Virginia Tech,ACC,,25,9,72.7,65.1,7.59,,5.13,,6.00,5.65,11.65,,,
Illinois,Big Ten,,21,15,70.8,66.8,3.92,,9.58,,6.47,5.11,11.58,,,
Wake Forest,ACC,,20,11,72.8,69.5,3.29,,8.85,,8.21,3.25,11.45,,,
Old Dominion,CAA,,27,9,67.1,57.5,9.61,,1.78,,-0.52,11.91,11.39,,,
Miami (FL),ACC,,20,13,72.4,64.7,7.70,,7.01,,5.83,5.52,11.35,,,
San Diego State,MWC,,25,9,70.3,61.8,8.47,,4.21,,3.49,7.85,11.34,,,
Seton Hall,Big East,,19,13,80.1,75.4,4.66,,5.78,,12.97,-2.53,10.43,,,
Alabama,SEC (West),,17,15,68.5,64.8,3.72,,6.62,,2.35,7.99,10.34,,,
Virginia Commonwealth,CAA,,27,9,76.0,66.4,9.58,,0.64,,9.32,0.91,10.23,,,
North Carolina,ACC,,20,17,74.5,71.9,2.62,,9.83,,8.52,1.62,10.14,,,
Michigan,Big Ten,,15,17,64.3,61.6,2.78,,9.37,,0.26,9.78,10.04,,,
Richmond,A-10,,26,9,69.3,62.7,6.60,,3.43,,0.98,9.06,10.03,,,


Cincinnati,Big East,,19,16,68.8,66.5,2.31,,8.45,,3.23,6.75,9.98,,,
Iowa State,Big 12,,15,17,70.3,67.9,2.38,,8.37,,6.51,3.09,9.60,,,
Boston College,ACC,,15,16,69.2,66.1,3.13,,7.21,,4.42,5.16,9.58,,,
Alabama-Birmingham,CUSA,,25,9,66.9,60.4,6.56,,2.90,,0.64,8.82,9.46,,,
St. John's (NY),Big East,,17,16,68.2,66.4,1.85,,8.70,,1.86,7.37,9.23,,,
Rhode Island,A-10,,26,10,76.0,70.2,5.81,,3.33,,8.74,0.43,9.16,,,
Southern California,Pac-10,,16,14,59.6,57.2,2.47,,6.47,,-6.28,15.21,8.93,,,
Virginia,ACC,,15,16,65.5,63.6,1.87,,6.93,,0.14,8.66,8.80,,,
Cornell,Ivy,,29,5,76.4,64.5,11.88,,-0.91,,7.20,1.55,8.76,,,
South Florida,Big East,,20,13,67.5,65.9,1.52,,7.21,,1.89,6.83,8.72,,,
Murray State,OVC,,31,5,76.5,60.4,16.06,,-3.89,,2.63,6.06,8.69,,,
Siena,MAAC,,27,7,75.1,65.5,9.65,,-1.17,,7.63,0.84,8.48,,,
North Carolina State,ACC,,20,16,66.6,64.5,2.11,,7.30,,1.34,7.14,8.47,,,
Tulsa,CUSA,,23,12,71.4,65.3,6.17,,2.84,,3.57,4.89,8.46,,,
Northwestern,Big Ten,,20,14,69.1,65.8,3.32,,4.99,,4.35,3.96,8.32,,,
South Carolina,SEC (East),,15,16,71.8,70.9,0.97,,7.29,,6.10,2.15,8.26,,,
Wichita State,MVC,,25,10,69.3,61.8,7.57,,1.73,,2.01,6.05,8.06,,,
Arizona,Pac-10,,16,15,71.9,72.0,-0.13,,8.10,,7.46,0.51,7.97,,,
Texas Tech,Big 12,,19,16,76.7,76.1,0.63,,8.47,,10.71,-2.74,7.97,,,
Marshall,CUSA,,24,10,79.9,69.0,10.88,,1.57,,9.18,-1.38,7.80,,,


Missouri State,MVC,,24,12,71.4,65.3,6.17,,1.40,,4.76,2.81,7.57,,,
Georgia,SEC (East),,14,17,68.6,69.4,-0.71,,8.04,,3.23,4.10,7.33,,,
Providence,Big East,,12,19,82.4,82.2,0.23,,8.24,,16.97,-9.93,7.04,,,
Colorado,Big 12,,15,16,74.6,74.2,0.45,,7.70,,8.66,-1.66,7.01,,,
Wright State,Horizon,,20,12,67.6,60.9,6.66,,0.16,,-0.82,7.64,6.81,,,
Houston,CUSA,,19,16,78.6,75.0,3.63,,3.48,,12.47,-5.73,6.74,,,
Nebraska,Big 12,,15,18,66.5,65.7,0.76,,6.66,,0.33,6.26,6.60,,,
Penn State,Big Ten,,11,20,64.9,64.7,0.26,,6.32,,0.70,5.88,6.58,,,
Nevada,WAC,,21,13,79.5,75.0,4.47,,2.56,,10.40,-3.90,6.50,,,
Northeastern,CAA,,20,13,64.4,60.1,4.27,,2.21,,-3.17,9.65,6.48,,,
Portland,WCC,,21,11,72.1,66.2,5.91,,2.04,,1.82,4.53,6.35,,,
Oklahoma,Big 12,,13,18,72.1,73.6,-1.55,,7.79,,5.51,0.73,6.24,,,
Arkansas,SEC (West),,14,18,74.7,73.9,0.78,,5.09,,8.28,-2.41,5.87,,,
Illinois State,MVC,,22,11,69.2,64.1,5.09,,1.16,,1.61,4.12,5.73,,,
Stanford,Pac-10,,14,18,69.1,69.9,-0.78,,6.50,,3.68,2.03,5.71,,,
UCLA,Pac-10,,14,18,66.8,68.6,-1.75,,7.86,,1.71,3.99,5.70,,,
Auburn,SEC (West),,15,17,75.7,74.2,1.53,,4.68,,8.33,-2.84,5.49,,,
Saint Louis,A-10,,23,13,63.4,60.2,3.19,,2.55,,-4.23,9.69,5.46,,,
Washington State,Pac-10,,16,15,71.9,70.6,1.26,,4.65,,5.86,-0.55,5.31,,,
Kent State,MAC (East),,24,10,70.1,65.1,4.97,,0.74,,2.97,2.31,5.28,,,


Ohio,MAC (East),,22,15,74.7,69.4,5.24,,-0.03,,6.34,-1.78,4.56,,,
Wofford,Southern (South),,26,9,68.8,61.0,7.83,,-2.57,,-2.32,6.74,4.43,,,
Utah,MWC,,14,17,66.4,66.4,0.03,,4.16,,-0.03,4.32,4.29,,,
Southern Mississippi,CUSA,,20,14,64.7,59.8,4.88,,2.25,,-5.49,9.70,4.21,,,
Oregon,Pac-10,,16,16,69.9,70.2,-0.31,,5.96,,3.68,0.32,4.00,,,
Charlotte,A-10,,19,12,73.4,71.1,2.29,,3.00,,4.92,-0.96,3.96,,,
Montana,Big Sky,,22,10,69.6,61.3,8.38,,-2.35,,-2.12,6.05,3.93,,,
Oregon State,Pac-10,,14,18,60.3,62.2,-1.88,,5.79,,-6.03,9.79,3.76,,,
Bradley,MVC,,16,15,67.5,67.4,0.06,,4.11,,1.55,2.19,3.74,,,
Sam Houston State,Southland (West),,25,8,79.3,69.2,10.06,,-3.37,,8.29,-4.59,3.71,,,
Weber State,Big Sky,,20,11,76.2,71.0,5.13,,-1.04,,5.88,-2.17,3.71,,,
Creighton,MVC,,18,16,69.8,68.2,1.59,,3.15,,2.90,0.69,3.59,,,
Morehead State,OVC,,24,11,71.6,63.3,8.26,,-3.07,,-0.16,3.67,3.51,,,
Southern Illinois,MVC,,15,15,70.1,67.5,2.60,,1.27,,3.06,0.38,3.44,,,
George Washington,A-10,,16,15,70.3,68.2,2.16,,0.96,,1.48,1.65,3.12,,,
Pacific,Big West,,23,12,65.6,60.9,4.69,,-1.19,,-4.98,7.88,2.90,,,
Louisiana Tech,WAC,,24,11,73.1,69.8,3.29,,-0.40,,3.38,-0.50,2.89,,,
Akron,MAC (East),,24,11,70.6,65.5,5.11,,-1.50,,1.58,1.24,2.82,,,
William & Mary,CAA,,22,11,67.1,64.5,2.55,,1.63,,-0.84,3.66,2.82,,,
Southern Methodist,CUSA,,14,17,66.2,64.5,1.77,,3.78,,-3.06,5.45,2.39,,,


Western Kentucky,Sun Belt (East),,21,13,71.2,66.7,4.50,,-2.18,,1.32,1.00,2.32,,,
Iona,MAAC,,21,10,66.1,62.0,4.16,,-1.85,,-3.62,5.93,2.31,,,
Iowa,Big Ten,,10,22,60.5,66.0,-5.47,,8.09,,-3.48,5.60,2.12,,,
New Mexico State,WAC,,22,12,78.3,77.6,0.68,,1.66,,9.30,-7.24,2.06,,,
Northern Colorado,Big Sky,,25,8,73.5,66.7,6.79,,-4.26,,2.50,-0.44,2.06,,,
Appalachian State,Southern (North),,24,13,74.8,69.4,5.38,,-2.76,,3.45,-1.65,1.80,,,
Hofstra,CAA,,19,15,70.8,68.2,2.53,,-0.02,,1.95,-0.30,1.65,,,
IUPUI,Summit,,25,11,74.5,67.2,7.25,,-4.08,,2.37,-0.74,1.63,,,
DePaul,Big East,,8,23,61.0,66.9,-5.87,,7.58,,-4.34,5.95,1.61,,,
Harvard,Ivy,,21,8,74.0,66.5,7.48,,-3.91,,4.03,-2.44,1.59,,,
Colorado State,MWC,,16,16,66.3,66.7,-0.44,,3.61,,-0.28,1.62,1.35,,,
Detroit Mercy,Horizon,,20,14,69.4,65.7,3.71,,-1.59,,0.20,1.15,1.35,,,
Belmont,A-Sun,,19,12,73.1,68.5,4.58,,-3.41,,2.88,-1.59,1.30,,,
Rutgers,Big East,,15,17,67.5,71.7,-4.22,,5.91,,1.90,-0.61,1.29,,,
St. Bonaventure,A-10,,15,16,70.1,70.4,-0.29,,1.96,,1.90,-0.61,1.29,,,
Milwaukee,Horizon,,20,14,69.7,68.1,1.65,,0.52,,1.22,0.01,1.23,,,
Indiana State,MVC,,17,15,66.0,66.3,-0.31,,2.40,,-0.35,1.46,1.11,,,
Louisiana State,SEC (West),,11,20,61.5,66.4,-4.97,,5.93,,-5.56,6.53,0.97,,,
Duquesne,A-10,,16,16,70.3,71.4,-1.03,,1.95,,3.96,-3.17,0.79,,,
Indiana,Big Ten,,10,21,66.2,71.5,-5.23,,9.37,,1.56,-0.79,0.76,,,


Boston University,AEC,,21,14,72.2,68.4,3.80,,-3.23,,3.75,-3.18,0.57,,,
Cleveland State,Horizon,,16,17,69.2,68.3,0.88,,2.12,,-0.45,1.02,0.57,,,
Miami (OH),MAC (East),,14,18,62.4,63.3,-0.88,,1.43,,-5.78,6.34,0.56,,,
Drake,MVC,,14,19,66.6,68.5,-1.88,,3.34,,-0.04,0.58,0.54,,,
Western Michigan,MAC (West),,18,15,69.3,66.5,2.79,,-1.17,,1.10,-0.67,0.43,,,
Fairfield,MAAC,,23,11,71.0,67.3,3.74,,-3.33,,1.09,-0.69,0.40,,,
Green Bay,Horizon,,22,13,68.5,66.9,1.60,,0.75,,0.50,-0.17,0.33,,,
Niagara,MAAC,,18,15,72.2,69.4,2.82,,-2.50,,3.41,-3.09,0.32,,,
Fresno State,WAC,,15,18,66.3,66.9,-0.58,,1.31,,-3.45,3.59,0.14,,,
Princeton,Ivy,,22,9,60.4,53.3,7.06,,-5.56,,-11.03,11.01,-0.02,,,
Central Florida,CUSA,,15,17,66.7,68.3,-1.59,,2.19,,-1.68,1.65,-0.03,,,
Drexel,CAA,,16,16,63.9,64.1,-0.22,,0.19,,-5.06,5.03,-0.03,,,
UC-Santa Barbara,Big West,,20,10,67.6,65.7,1.87,,-1.09,,-2.54,2.41,-0.13,,,
Idaho,WAC,,15,16,71.2,70.6,0.58,,0.48,,-0.36,0.16,-0.19,,,
Texas Christian,MWC,,13,19,67.8,70.9,-3.13,,4.15,,-0.25,0.00,-0.25,,,
La Salle,A-10,,12,18,70.4,73.1,-2.73,,2.46,,2.66,-2.94,-0.28,,,
Cal State Long Beach,Big West,,17,16,71.0,71.1,-0.09,,1.55,,1.60,-2.02,-0.42,,,
George Mason,CAA,,17,15,67.0,67.5,-0.50,,0.06,,-1.56,1.12,-0.44,,,
Oakland,Summit,,26,9,76.5,71.5,4.91,,-2.96,,4.33,-4.97,-0.64,,,
Coastal Carolina,Big South,,28,7,73.8,60.1,13.74,,-10.14,,-4.74,3.96,-0.78,,,


College of Charleston,Southern (South),,22,12,75.0,73.3,1.65,,-2.46,,5.83,-6.65,-0.81,,,
East Tennessee State,A-Sun,,20,15,69.3,67.5,1.77,,-1.47,,-0.57,-0.27,-0.83,,,
Oral Roberts,Summit,,20,13,70.1,66.1,3.97,,-3.85,,-2.03,1.16,-0.88,,,
Boise State,WAC,,15,17,74.1,72.8,1.22,,0.68,,3.31,-4.42,-1.11,,,
Morgan State,MEAC,,27,10,76.0,70.4,5.59,,-6.15,,4.37,-5.54,-1.18,,,
Western Carolina,Southern (North),,22,12,74.3,69.2,5.09,,-2.91,,2.55,-3.78,-1.24,,,
Vermont,AEC,,25,10,70.2,64.8,5.43,,-6.69,,-0.66,-0.60,-1.26,,,
Loyola Marymount,WCC,,18,16,75.8,75.9,-0.09,,1.32,,6.19,-7.66,-1.47,,,
Jacksonville,A-Sun,,20,13,69.8,67.5,2.30,,-2.30,,-0.28,-1.43,-1.71,,,
Massachusetts,A-10,,12,20,70.7,74.9,-4.19,,3.40,,2.22,-3.98,-1.76,,,
Middle Tennessee,Sun Belt (East),,19,14,69.2,64.7,4.45,,-3.33,,-4.78,2.79,-1.99,,,
Buffalo,MAC (East),,18,12,72.3,71.2,1.17,,-2.27,,3.41,-5.44,-2.03,,,
Texas A&M-Corpus Christi,Southland (West),,17,15,68.3,66.2,2.03,,-2.83,,-3.99,1.94,-2.05,,,
San Jose State,WAC,,14,17,73.8,75.5,-1.71,,0.83,,3.40,-5.46,-2.06,,,
Eastern Kentucky,OVC,,20,13,71.2,66.9,4.33,,-5.16,,-1.71,-0.36,-2.07,,,
Lipscomb,A-Sun,,17,13,79.1,75.2,3.93,,-3.07,,6.58,-8.65,-2.07,,,
Saint Joseph's,A-10,,11,20,69.1,75.2,-6.10,,3.97,,2.16,-4.29,-2.13,,,
Davidson,Southern (South),,16,15,72.3,71.0,1.29,,-1.26,,0.46,-2.72,-2.26,,,
Stephen F. Austin,Southland (East),,23,9,66.4,59.8,6.63,,-6.90,,-9.10,6.68,-2.42,,,
North Texas,Sun Belt (West),,24,9,73.8,69.8,4.06,,-4.72,,1.07,-3.56,-2.49,,,


San Diego,WCC,,11,21,62.4,66.2,-3.84,,1.98,,-6.53,3.94,-2.60,,,
Saint Peter's,MAAC,,16,14,62.1,60.3,1.83,,-4.57,,-9.03,6.30,-2.73,,,
Denver,Sun Belt (West),,19,13,65.0,62.9,2.09,,-4.89,,-6.50,3.75,-2.76,,,
Cal State Fullerton,Big West,,16,15,74.3,73.0,1.29,,-1.55,,3.62,-6.49,-2.87,,,
Texas-San Antonio,Southland (West),,19,11,70.7,66.1,4.60,,-5.44,,-3.31,0.41,-2.90,,,
Valparaiso,Horizon,,15,17,73.3,74.3,-1.06,,0.34,,4.98,-7.88,-2.90,,,
Troy,Sun Belt (East),,20,13,74.8,72.1,2.70,,-2.31,,0.32,-3.36,-3.04,,,
Campbell,A-Sun,,19,11,68.6,63.3,5.23,,-4.96,,-5.10,1.97,-3.13,,,
Montana State,Big Sky,,15,14,68.7,67.7,1.03,,-2.45,,-3.96,0.78,-3.18,,,
Tulane,CUSA,,8,22,62.1,66.8,-4.70,,1.50,,-5.23,2.03,-3.20,,,
Lehigh,Patriot,,22,11,75.1,70.6,4.45,,-7.79,,3.85,-7.18,-3.33,,,
Citadel,Southern (South),,16,16,60.9,59.8,1.13,,-2.94,,-9.22,5.78,-3.44,,,
Eastern Michigan,MAC (West),,17,15,66.4,65.5,0.88,,-3.59,,-3.09,-0.37,-3.46,,,
San Francisco,WCC,,12,18,70.5,72.9,-2.33,,2.82,,-1.22,-2.26,-3.48,,,
Portland State,Big Sky,,13,19,78.0,79.3,-1.25,,-1.21,,6.99,-10.48,-3.49,,,
Quinnipiac,NEC,,23,10,73.2,66.5,6.70,,-9.37,,-0.11,-3.40,-3.50,,,
Central Michigan,MAC (West),,15,15,64.6,64.1,0.43,,-3.58,,-5.17,1.59,-3.58,,,
Stony Brook,AEC,,22,10,68.9,64.0,4.94,,-7.64,,-3.11,-0.53,-3.64,,,
Rider,MAAC,,17,16,69.5,71.6,-2.03,,-1.68,,0.56,-4.27,-3.71,,,
Robert Morris,NEC,,23,12,68.5,65.9,2.66,,-6.15,,-2.58,-1.13,-3.71,,,


Georgia State,CAA,,12,20,62.3,63.7,-1.44,,-1.48,,-6.92,3.17,-3.74,,,
Austin Peay,OVC,,17,15,72.5,72.4,0.09,,-1.68,,0.93,-4.78,-3.85,,,
Southeastern Louisiana,Southland (East),,19,12,72.7,66.9,5.84,,-6.21,,-0.95,-3.02,-3.97,,,
Arkansas State,Sun Belt (West),,17,14,69.7,66.6,3.06,,-4.39,,-2.97,-1.04,-4.01,,,
North Carolina-Wilmington,CAA,,9,22,66.2,71.5,-5.29,,0.94,,-1.91,-2.44,-4.35,,,
Mount St. Mary's,NEC,,16,15,66.0,63.2,2.77,,-6.28,,-5.95,1.57,-4.38,,,
Florida Atlantic,Sun Belt (East),,14,16,73.4,73.5,-0.10,,-3.30,,1.90,-6.38,-4.48,,,
Wyoming,MWC,,10,21,70.6,74.5,-3.84,,3.63,,0.48,-5.07,-4.58,,,
Evansville,MVC,,9,21,64.8,68.9,-4.13,,1.82,,-3.71,-0.90,-4.61,,,
Manhattan,MAAC,,11,20,65.5,67.2,-1.71,,-2.97,,-4.20,-0.48,-4.68,,,
Bowling Green State,MAC (East),,14,16,63.0,65.9,-2.90,,-0.94,,-5.91,1.21,-4.70,,,
Louisiana,Sun Belt (West),,13,17,68.1,67.5,0.60,,-4.74,,-3.28,-1.46,-4.74,,,
Ball State,MAC (West),,15,15,60.6,62.4,-1.77,,-1.48,,-8.18,3.33,-4.85,,,
Loyola (IL),Horizon,,14,16,64.8,67.2,-2.40,,0.56,,-4.55,-0.30,-4.85,,,
Air Force,MWC,,10,21,57.2,63.1,-5.94,,3.13,,-12.35,7.45,-4.90,,,
Hawaii,WAC,,10,20,68.1,72.9,-4.77,,0.33,,-2.71,-2.21,-4.91,,,
James Madison,CAA,,13,20,67.0,69.9,-2.94,,-1.52,,-2.45,-2.51,-4.96,,,
Eastern Illinois,OVC,,19,12,68.1,65.3,2.87,,-5.00,,-5.00,0.00,-5.00,,,
Mercer,A-Sun,,16,17,76.2,75.1,1.09,,-1.20,,5.31,-10.35,-5.05,,,
Canisius,MAAC,,15,17,66.4,67.5,-1.09,,-4.09,,-2.68,-2.50,-5.19,,,


Loyola (MD),MAAC,,13,17,65.0,66.1,-1.13,,-4.09,,-4.39,-0.83,-5.23,,,
Rice,CUSA,,8,23,64.0,69.7,-5.74,,1.15,,-4.48,-1.24,-5.72,,,
Cal State Northridge,Big West,,11,21,71.3,75.4,-4.06,,-1.06,,1.66,-7.47,-5.81,,,
Santa Clara,WCC,,11,21,64.0,69.5,-5.50,,1.66,,-4.64,-1.20,-5.84,,,
East Carolina,CUSA,,10,21,67.2,74.9,-7.77,,4.42,,0.26,-6.17,-5.91,,,
South Dakota State,Summit,,14,16,74.2,73.2,1.00,,-5.05,,1.59,-7.64,-6.05,,,
UC-Davis,Big West,,14,18,69.5,70.7,-1.16,,-3.01,,-2.47,-3.76,-6.23,,,
Youngstown State,Horizon,,8,22,66.7,69.7,-3.00,,0.40,,-2.31,-4.10,-6.41,,,
Radford,Big South,,19,12,71.5,68.6,2.90,,-6.90,,-3.58,-2.85,-6.42,,,
Maine,AEC,,19,11,64.4,62.1,2.23,,-6.26,,-8.54,2.01,-6.53,,,
Hampton,MEAC,,14,18,65.7,64.1,1.63,,-8.36,,-6.72,-0.03,-6.75,,,
UC-Riverside,Big West,,12,17,63.2,64.1,-0.90,,-2.61,,-9.31,2.32,-6.99,,,
Furman,Southern (South),,13,17,68.4,68.6,-0.23,,-4.83,,-2.87,-4.15,-7.01,,,
Samford,Southern (North),,11,20,57.7,60.7,-2.97,,-2.54,,-12.51,5.19,-7.32,,,
Texas State,Southland (West),,15,16,77.2,77.8,-0.68,,-3.30,,5.87,-13.25,-7.38,,,
UC-Irvine,Big West,,14,18,67.6,69.6,-2.06,,-3.75,,-5.17,-2.32,-7.49,,,
Northern Arizona,Big Sky,,14,14,70.2,71.5,-1.36,,-2.35,,-2.66,-4.88,-7.54,,,
Illinois-Chicago,Horizon,,8,22,62.5,70.3,-7.80,,0.94,,-4.72,-2.86,-7.58,,,
Northern Illinois,MAC (West),,10,20,67.2,71.9,-4.70,,-2.05,,-0.25,-7.38,-7.64,,,
South Alabama,Sun Belt (East),,17,15,66.4,68.0,-1.66,,-3.82,,-4.93,-2.79,-7.72,,,


Delaware,CAA,,7,24,63.4,72.6,-9.23,,1.37,,-3.74,-4.12,-7.86,,,
Bucknell,Patriot,,14,17,67.0,68.0,-0.97,,-6.84,,-5.19,-2.75,-7.94,,,
Lafayette,Patriot,,19,13,72.5,71.5,1.03,,-8.99,,0.09,-8.05,-7.96,,,
Cal Poly,Big West,,12,19,70.2,75.3,-5.13,,-2.31,,0.63,-8.62,-7.99,,,
Holy Cross,Patriot,,9,22,69.3,71.7,-2.45,,-5.57,,-2.57,-5.46,-8.03,,,
Texas-Arlington,Southland (West),,16,14,73.9,73.5,0.37,,-3.97,,0.41,-8.47,-8.06,,,
Jacksonville State,OVC,,11,19,69.6,71.5,-1.87,,-4.22,,-2.63,-5.55,-8.18,,,
North Carolina-Greensboro,Southern (North),,8,23,63.4,71.8,-8.39,,0.63,,-4.86,-3.38,-8.24,,,
Arkansas-Pine Bluff,SWAC,,18,16,63.7,64.3,-0.62,,-7.68,,-7.86,-0.43,-8.29,,,
Pepperdine,WCC,,7,24,65.9,74.7,-8.77,,0.94,,-3.20,-5.24,-8.44,,,
Towson,CAA,,10,21,68.5,76.2,-7.71,,-0.75,,0.85,-9.30,-8.46,,,
North Dakota State,Summit,,11,18,70.6,72.0,-1.38,,-5.76,,-3.08,-5.46,-8.53,,,
Chattanooga,Southern (North),,15,18,69.8,72.1,-2.24,,-3.68,,-2.70,-5.85,-8.56,,,
Winthrop,Big South,,19,14,61.9,61.4,0.52,,-7.31,,-11.56,2.88,-8.68,,,
Delaware State,MEAC,,17,12,58.5,58.3,0.21,,-7.60,,-13.05,3.97,-9.08,,,
Army,Patriot,,14,15,60.3,61.0,-0.66,,-7.96,,-13.86,4.76,-9.11,,,
South Carolina State,MEAC,,18,14,69.5,69.5,-0.03,,-8.65,,-2.57,-6.74,-9.31,,,
Purdue-Fort Wayne,Summit,,16,15,68.7,68.1,0.55,,-4.73,,-5.50,-3.92,-9.42,,,
North Florida,A-Sun,,13,18,59.0,65.1,-6.10,,-2.11,,-10.80,1.27,-9.53,,,
New Hampshire,AEC,,13,17,60.8,62.4,-1.60,,-6.29,,-10.38,0.84,-9.54,,,


Tennessee State,OVC,,9,23,67.3,74.2,-6.88,,-2.69,,-2.95,-6.62,-9.57,,,
Tennessee Tech,OVC,,15,17,74.2,77.3,-3.09,,-2.51,,2.53,-12.11,-9.58,,,
Yale,Ivy,,12,19,66.7,69.6,-2.90,,-5.60,,-5.18,-4.77,-9.94,,,
Little Rock,Sun Belt (West),,8,22,67.6,73.1,-5.53,,-2.23,,-3.44,-6.61,-10.06,,,
Kennesaw State,A-Sun,,13,20,66.1,70.1,-4.00,,-3.69,,-6.83,-3.25,-10.08,,,
Idaho State,Big Sky,,7,22,66.4,75.0,-8.59,,0.13,,-3.48,-6.81,-10.29,,,
Elon,Southern (North),,9,23,66.9,73.0,-6.06,,-3.04,,-4.94,-5.46,-10.40,,,
Binghamton,AEC,,13,18,61.6,67.2,-5.58,,-4.31,,-8.93,-1.67,-10.60,,,
Brown,Ivy,,11,20,66.9,72.0,-5.10,,-3.82,,-2.82,-7.85,-10.68,,,
Louisiana-Monroe,Sun Belt (West),,12,19,68.0,71.7,-3.74,,-5.30,,-4.42,-6.33,-10.75,,,
Nicholls State,Southland (East),,11,19,65.6,70.5,-4.90,,-2.61,,-7.75,-3.23,-10.99,,,
Lamar,Southland (West),,14,18,68.8,71.5,-2.75,,-4.22,,-4.55,-6.55,-11.11,,,
Texas Southern,SWAC,,17,16,67.9,65.7,2.24,,-11.38,,-7.10,-4.02,-11.12,,,
Monmouth,NEC,,12,19,63.7,66.6,-2.87,,-7.82,,-8.25,-2.95,-11.20,,,
Colgate,Patriot,,10,19,67.4,71.3,-3.93,,-6.52,,-4.38,-6.96,-11.34,,,
Sacred Heart,NEC,,14,15,72.0,73.2,-1.24,,-8.72,,-0.79,-10.60,-11.39,,,
American,Patriot,,11,20,62.6,67.2,-4.58,,-6.89,,-9.60,-1.87,-11.47,,,
Long Island University,NEC,,14,17,69.7,71.8,-2.03,,-8.25,,-1.38,-10.18,-11.56,,,
Columbia,Ivy,,11,17,60.2,65.3,-5.07,,-6.04,,-11.10,-0.64,-11.75,,,
McNeese State,Southland (East),,10,20,67.7,70.2,-2.47,,-4.34,,-5.57,-6.25,-11.82,,,


Western Illinois,Summit,,13,17,59.0,60.1,-1.10,,-5.84,,-14.51,2.66,-11.84,,,
Norfolk State,MEAC,,11,19,70.6,75.3,-4.70,,-6.42,,-0.26,-11.63,-11.89,,,
Eastern Washington,Big Sky,,9,21,68.8,76.3,-7.43,,-1.91,,-5.13,-6.78,-11.91,,,
Albany (NY),AEC,,7,25,62.7,69.1,-6.41,,-5.53,,-7.99,-3.94,-11.94,,,
Navy,Patriot,,13,17,71.3,75.4,-4.10,,-7.91,,-1.48,-10.52,-12.01,,,
North Carolina A&T,MEAC,,11,22,67.9,72.0,-4.09,,-5.66,,-4.72,-7.29,-12.02,,,
Sacramento State,Big Sky,,9,21,64.5,71.3,-6.83,,-2.65,,-7.64,-4.77,-12.41,,,
Georgia Southern,Southern (South),,9,23,70.6,79.0,-8.41,,-1.67,,-0.49,-12.08,-12.57,,,
Florida International,Sun Belt (East),,7,25,68.0,77.2,-9.16,,-2.74,,-2.68,-10.13,-12.81,,,
Savannah State,Ind,,11,15,58.8,61.7,-2.92,,-5.75,,-14.10,1.20,-12.90,,,
Bethune-Cookman,MEAC,,17,16,61.2,60.5,0.76,,-8.40,,-14.76,1.61,-13.14,,,
Fordham,A-10,,2,26,64.0,79.3,-15.25,,2.08,,-3.84,-9.33,-13.18,,,
Jackson State,SWAC,,19,13,63.4,65.3,-1.91,,-10.66,,-10.13,-3.08,-13.21,,,
Liberty,Big South,,15,16,67.5,68.2,-0.68,,-7.25,,-8.29,-4.93,-13.22,,,
Charleston Southern,Big South,,13,17,68.7,67.7,1.07,,-8.12,,-10.20,-3.05,-13.25,,,
Pennsylvania,Ivy,,6,22,62.5,72.5,-10.00,,-3.31,,-6.80,-6.50,-13.31,,,
New Orleans,Sun Belt (West),,8,22,59.3,66.2,-6.93,,-4.50,,-12.53,-0.97,-13.50,,,
Hartford,AEC,,8,22,62.3,70.0,-7.73,,-6.04,,-8.89,-4.88,-13.77,,,
St. Francis (NY),NEC,,11,18,60.4,65.0,-4.52,,-8.42,,-12.09,-1.74,-13.83,,,
Missouri-Kansas City,Summit,,12,18,66.7,70.2,-3.47,,-4.75,,-7.54,-6.33,-13.88,,,


North Carolina-Asheville,Big South,,15,16,74.1,77.5,-3.39,,-6.47,,-2.23,-12.13,-14.36,,,
Toledo,MAC (West),,4,28,54.2,66.8,-12.59,,-0.77,,-14.59,0.20,-14.39,,,
Alabama State,SWAC,,16,15,64.5,65.9,-1.45,,-12.02,,-9.97,-4.44,-14.41,,,
Southeast Missouri State,OVC,,7,23,64.2,72.4,-8.17,,-3.06,,-8.39,-6.11,-14.49,,,
High Point,Big South,,15,15,72.3,73.4,-1.13,,-9.30,,-4.79,-9.85,-14.63,,,
Central Connecticut State,NEC,,12,18,61.1,64.5,-3.37,,-9.68,,-10.97,-3.71,-14.68,,,
Longwood,Ind,,12,19,74.1,78.6,-4.52,,-3.74,,0.26,-14.95,-14.69,,,
Coppin State,MEAC,,8,22,61.1,67.6,-6.53,,-6.81,,-10.53,-4.36,-14.89,,,
Northwestern State,Southland (East),,10,19,75.4,80.4,-5.07,,-4.70,,1.99,-16.97,-14.98,,,
Fairleigh Dickinson,NEC,,11,21,63.3,71.2,-7.88,,-6.42,,-8.71,-6.85,-15.56,,,
Prairie View,SWAC,,16,14,64.3,62.2,2.17,,-12.11,,-13.07,-2.73,-15.79,,,
Saint Francis (PA),NEC,,11,19,62.5,70.1,-7.63,,-7.08,,-9.01,-6.86,-15.87,,,
Maryland-Eastern Shore,MEAC,,11,21,60.8,69.3,-8.47,,-7.38,,-10.64,-5.54,-16.18,,,
Utah Valley,GWC,,12,18,63.5,65.1,-1.60,,-9.25,,-11.88,-4.30,-16.18,,,
Maryland-Baltimore County,AEC,,4,26,63.1,73.8,-10.73,,-6.19,,-7.18,-9.74,-16.92,,,
Centenary (LA),Summit,,8,21,70.9,80.0,-9.10,,-5.08,,-3.17,-13.99,-17.16,,,
Marist,MAAC,,1,29,56.1,70.5,-14.37,,-2.85,,-13.05,-4.17,-17.21,,,
Texas-Rio Grande Valley,GWC,,6,27,61.2,72.2,-11.00,,-4.47,,-11.35,-5.96,-17.31,,,
Southern Utah,Summit,,7,22,64.2,73.3,-9.10,,-4.75,,-9.54,-7.87,-17.42,,,
Tennessee-Martin,OVC,,4,25,64.1,76.4,-12.24,,-2.06,,-6.93,-10.53,-17.46,,,


Stetson,A-Sun,,7,22,60.1,72.3,-12.17,,-2.14,,-10.99,-6.63,-17.62,,,
Wagner,NEC,,5,26,59.1,68.1,-8.97,,-8.78,,-10.89,-7.16,-18.05,,,
Dartmouth,Ivy,,5,23,54.0,65.5,-11.50,,-5.46,,-17.13,-1.33,-18.46,,,
Florida A&M,MEAC,,9,22,63.4,73.2,-9.84,,-6.41,,-8.10,-10.70,-18.80,,,
Howard,MEAC,,7,25,58.4,70.3,-11.97,,-7.27,,-13.03,-6.46,-19.49,,,
NJIT,GWC,,10,21,61.5,66.8,-5.32,,-8.24,,-15.31,-4.28,-19.59,,,
Mississippi Valley State,SWAC,,9,23,64.3,72.3,-8.06,,-9.88,,-9.34,-10.35,-19.69,,,
VMI,Big South,,10,19,88.6,96.5,-7.93,,-7.21,,14.86,-34.77,-19.91,,,
Alabama A&M,SWAC,,11,16,65.9,69.7,-3.81,,-13.71,,-10.54,-9.65,-20.19,,,
Gardner-Webb,Big South,,8,21,69.1,77.8,-8.69,,-5.61,,-6.47,-13.85,-20.32,,,
Chicago State,GWC,,9,23,62.8,71.5,-8.66,,-7.61,,-14.06,-7.74,-21.80,,,
Grambling,SWAC,,7,21,63.7,73.1,-9.43,,-12.75,,-10.75,-12.30,-23.05,,,
Southern,SWAC,,5,25,60.1,72.4,-12.37,,-10.96,,-13.93,-10.03,-23.96,,,
Alcorn State,SWAC,,2,29,60.6,82.0,-21.35,,-9.00,,-11.49,-18.87,-30.36,,,
