

Kansas,Big 12,,1,28,3,74.6,60.7,13.87,,11.70,,11.10,13.93,25.04,118.73,81.71,37.03
Gonzaga,WCC,,2,31,2,87.4,67.8,19.58,,3.17,,18.81,3.93,22.74,122.57,90.19,32.38
Duke,ACC,,10,25,6,82.5,68.0,14.55,,8.06,,15.95,6.66,22.61,117.58,84.61,32.97
Michigan State,Big Ten,,9,22,9,75.9,64.7,11.16,,10.76,,11.83,10.09,21.92,116.97,85.19,31.78
Baylor,Big 12,,5,26,4,71.1,60.1,11.00,,9.15,,6.68,13.47,20.15,113.18,82.91,30.27
Arizona,Pac-12,,,20,11,76.4,65.2,11.23,,8.26,,9.87,9.61,19.49,113.66,85.50,28.16
Ohio State,Big Ten,,19,21,10,72.1,62.9,9.13,,10.28,,7.26,12.15,19.40,115.67,86.30,29.37
Dayton,A-10,,3,29,2,80.0,64.5,15.48,,3.71,,11.66,7.53,19.19,119.41,90.08,29.33
West Virginia,Big 12,,23,21,10,70.3,62.4,7.87,,10.66,,6.86,11.67,18.53,110.18,82.25,27.93
San Diego State,MWC,,6,30,2,74.8,59.5,15.38,,3.94,,4.37,14.02,18.39,114.24,85.76,28.48
Oregon,Pac-12,,13,24,7,75.9,66.7,9.13,,9.16,,10.66,7.63,18.29,119.57,91.90,27.67
Michigan,Big Ten,,,19,12,75.0,68.3,6.77,,11.23,,9.64,8.37,18.01,114.10,87.51,26.59
Louisville,ACC,,15,24,7,74.1,63.7,10.39,,7.56,,8.61,9.34,17.95,116.79,89.02,27.77
Maryland,Big Ten,,12,24,7,71.8,64.5,7.32,,10.49,,7.42,10.40,17.82,114.31,87.70,26.61
Creighton,Big East,,7,24,7,78.3,69.7,8.58,,9.64,,11.95,5.32,17.27,118.55,93.24,25.31
Florida State,ACC,,4,26,5,75.4,65.7,9.65,,7.63,,10.04,7.24,17.27,112.42,86.94,25.48
Brigham Young,WCC,,14,24,8,79.6,68.4,11.25,,6.48,,11.85,5.12,16.97,117.12,91.36,25.75
Villanova,Big East,,11,24,7,73.2,66.4,6.81,,10.05,,7.43,9.43,16.86,114.44,89.56,24.88
Texas Tech,Big 12,,,18,13,71.9,63.5,8.42,,8.42,,6.26,10.57,16.84,111.51,85.98,25.52
Seton Hall,Big East,,16,21,9,74.7,67.9,6.80,,9.97,,9.09,7.68,16.77,112.80,88.18,24.62


Houston,AAC,,22,23,8,72.3,62.1,10.16,,6.32,,5.86,10.62,16.48,113.39,88.26,25.13
Purdue,Big Ten,,,16,15,68.2,62.6,5.55,,10.77,,4.01,12.30,16.32,110.79,85.54,25.25
Minnesota,Big Ten,,,14,16,71.0,66.6,4.43,,11.76,,7.20,8.99,16.19,112.06,88.25,23.81
Penn State,Big Ten,,,21,10,75.1,68.2,6.87,,9.25,,9.53,6.60,16.13,111.63,88.16,23.47
Iowa,Big Ten,,25,20,11,77.7,72.3,5.45,,10.61,,13.13,2.93,16.06,118.48,94.14,24.34
Wisconsin,Big Ten,,18,21,10,67.2,62.2,5.00,,10.97,,2.00,13.97,15.97,111.88,87.51,24.37
Kentucky,SEC,,8,25,6,74.4,66.1,8.32,,7.42,,7.71,8.04,15.75,113.40,89.85,23.55
Rutgers,Big Ten,,,20,11,69.9,62.6,7.29,,9.72,,4.48,11.27,15.75,109.15,85.11,24.04
Colorado,Pac-12,,,21,10,71.0,63.7,7.26,,8.42,,6.16,9.52,15.68,110.60,87.14,23.46
Butler,Big East,,24,22,9,68.5,62.1,6.42,,9.19,,2.84,12.77,15.61,112.99,88.68,24.31
Marquette,Big East,,,18,12,77.8,71.6,6.13,,9.32,,12.64,2.81,15.45,114.88,92.25,22.63
Illinois,Big Ten,,21,21,10,72.2,65.3,6.94,,9.88,,5.49,9.82,15.31,112.26,89.13,23.13
Auburn,SEC,,20,25,6,78.0,70.4,7.65,,7.38,,10.36,4.67,15.02,112.58,90.40,22.17
Florida,SEC,,,19,12,71.9,66.0,5.84,,9.12,,5.11,9.84,14.96,113.58,91.03,22.56
Indiana,Big Ten,,,19,12,70.9,66.8,4.06,,10.62,,5.82,8.87,14.69,110.82,89.22,21.61
Louisiana State,SEC,,,21,10,80.5,73.3,7.23,,7.21,,14.17,0.27,14.44,118.34,96.48,21.86
Stanford,Pac-12,,,20,11,70.1,62.5,7.58,,6.48,,3.67,10.40,14.06,107.39,86.04,21.36
Wichita State,AAC,,,23,8,71.8,63.8,8.06,,5.63,,4.70,9.00,13.70,106.27,85.89,20.38
Utah State,MWC,,,26,8,76.5,64.1,12.38,,4.06,,5.67,8.01,13.69,110.08,89.14,20.94
Oklahoma,Big 12,,,19,12,70.2,67.4,2.84,,10.69,,6.96,6.57,13.53,109.62,89.11,20.50


Providence,Big East,,,19,12,71.4,66.2,5.26,,8.22,,5.40,8.08,13.48,109.02,88.92,20.10
Arkansas,SEC,,,19,12,75.5,69.5,5.97,,7.40,,8.86,4.51,13.37,109.10,89.17,19.92
Xavier,Big East,,,19,12,70.8,67.5,3.32,,9.54,,4.46,8.40,12.86,106.81,87.64,19.18
Washington,Pac-12,,,15,16,70.6,66.1,4.52,,7.89,,5.17,7.23,12.40,107.11,88.23,18.88
Cincinnati,AAC,,,20,10,72.7,67.1,5.60,,6.76,,6.86,5.50,12.36,109.01,90.13,18.88
's (CA),WCC,,,26,8,75.3,66.9,8.32,,5.24,,5.75,6.52,12.27,114.89,95.38,19.51
Mississippi State,SEC,,,20,11,73.4,68.1,5.26,,6.97,,5.95,6.28,12.23,113.91,94.56,19.35
Virginia,ACC,,17,23,7,57.0,52.4,4.67,,7.52,,-9.40,21.59,12.19,100.30,80.75,19.55
Memphis,AAC,,,21,10,72.0,64.9,7.10,,5.07,,5.04,7.12,12.17,101.26,83.93,17.34
Oklahoma State,Big 12,,,17,14,67.5,65.9,1.52,,10.58,,3.86,8.24,12.10,107.52,89.03,18.49
North Carolina State,ACC,,,19,12,74.7,70.1,4.58,,7.20,,7.94,3.84,11.78,110.98,93.25,17.73
Syracuse,ACC,,,17,14,74.1,69.8,4.32,,7.24,,8.26,3.31,11.56,112.82,94.93,17.89
Southern California,Pac-12,,,22,9,70.3,66.0,4.29,,7.25,,3.78,7.76,11.54,105.34,87.57,17.77
Arizona State,Pac-12,,,20,11,73.8,70.5,3.35,,8.09,,7.96,3.49,11.45,106.05,89.33,16.72
Richmond,A-10,,,24,7,75.3,66.8,8.55,,2.84,,6.39,5.00,11.39,110.02,91.94,18.08
Tennessee,SEC,,,17,14,67.1,64.2,2.87,,8.31,,0.48,10.70,11.18,106.96,89.88,17.08
Connecticut,AAC,,,19,12,72.8,67.0,5.81,,5.36,,6.44,4.72,11.16,108.23,90.66,17.57
Alabama,SEC,,,16,15,82.0,79.0,3.00,,8.13,,15.05,-3.92,11.13,111.17,94.58,16.60
Notre Dame,ACC,,,19,12,74.1,69.0,5.06,,5.75,,6.63,4.18,10.81,111.07,94.30,16.77
Georgetown,Big East,,,15,16,75.1,73.8,1.23,,9.56,,9.09,1.69,10.79,111.70,95.39,16.31


Texas,Big 12,,,19,12,64.2,63.3,0.87,,9.63,,-0.35,10.85,10.50,104.39,87.80,16.59
Georgia Tech,ACC,,,17,14,68.6,66.4,2.16,,9.16,,2.62,7.84,10.46,102.97,86.82,16.16
St. John's (NY),Big East,,,16,15,74.6,71.9,2.71,,7.63,,8.38,1.96,10.34,106.08,91.06,15.02
South Carolina,SEC,,,18,13,73.4,69.5,3.84,,6.44,,7.54,2.73,10.28,105.77,89.88,15.89
Clemson,ACC,,,15,15,66.4,64.1,2.30,,7.95,,0.45,9.80,10.25,105.14,89.27,15.87
North Carolina,ACC,,,14,18,72.8,72.6,0.25,,9.97,,7.94,2.29,10.22,108.46,92.99,15.47
Texas Christian,Big 12,,,16,15,65.9,65.4,0.58,,10.13,,1.53,8.50,10.03,107.49,92.33,15.16
Northern Iowa,MVC,,,25,6,75.2,64.7,10.45,,1.50,,5.18,4.70,9.88,112.22,95.80,16.42
UCLA,Pac-12,,,19,12,69.5,67.1,2.39,,8.28,,3.03,6.84,9.88,110.74,95.19,15.55
Oregon State,Pac-12,,,17,13,71.2,67.6,3.60,,6.12,,4.25,5.47,9.72,111.25,96.19,15.06
Virginia Commonwealth,A-10,,,18,13,70.7,65.2,5.58,,4.11,,3.38,6.31,9.69,105.83,90.59,15.24
Saint Louis,A-10,,,23,8,71.7,65.2,6.55,,3.09,,2.86,6.57,9.43,105.89,90.91,14.97
Rhode Island,A-10,,,21,9,73.3,68.9,4.47,,4.81,,5.35,3.93,9.27,105.28,90.79,14.50
Iowa State,Big 12,,,12,19,72.0,73.0,-0.97,,10.03,,7.98,1.08,9.06,110.37,96.73,13.64
Nevada,MWC,,,19,12,77.1,72.4,4.77,,4.14,,8.74,0.17,8.91,109.81,96.18,13.63
Davidson,A-10,,,16,14,72.7,67.5,5.23,,3.63,,4.99,3.88,8.86,113.07,98.20,14.88
Boise State,MWC,,,20,12,75.9,69.5,6.47,,4.42,,6.35,2.26,8.61,108.32,94.98,13.34
San Francisco,WCC,,,22,12,74.9,68.8,6.09,,3.86,,5.74,2.85,8.59,109.24,95.64,13.60
Kansas State,Big 12,,,10,21,64.5,65.5,-0.94,,9.50,,0.43,8.14,8.57,103.92,90.43,13.49
Missouri,SEC,,,15,16,67.1,65.2,1.97,,6.57,,0.53,8.01,8.54,104.78,91.33,13.45


Utah,Pac-12,,,16,14,71.0,70.3,0.70,,7.84,,4.58,3.96,8.54,107.37,95.64,11.72
Virginia Tech,ACC,,,16,16,68.6,66.5,2.06,,6.19,,1.57,6.68,8.25,106.65,93.74,12.91
Southern Methodist,AAC,,,19,11,72.9,68.5,4.47,,3.52,,4.90,3.09,7.99,113.11,100.09,13.01
Tulsa,AAC,,,21,10,67.8,63.5,4.32,,3.61,,-0.87,8.80,7.93,103.59,90.26,13.32
Mississippi,SEC,,,15,16,69.2,68.1,1.06,,6.86,,2.24,5.68,7.92,104.56,91.99,12.57
Georgia,SEC,,,15,16,75.7,76.0,-0.26,,8.08,,8.49,-0.78,7.71,108.85,96.85,11.99
East Tennessee State,Southern,,,30,4,76.3,63.1,13.15,,-1.78,,1.15,6.52,7.67,107.55,94.74,12.81
DePaul,Big East,,,15,16,70.7,71.2,-0.52,,8.87,,3.60,3.77,7.37,103.11,91.38,11.73
North Texas,CUSA,,,20,11,71.1,63.3,7.77,,1.66,,0.54,6.77,7.32,110.16,97.88,12.28
Akron,MAC (East),,,24,7,75.7,66.5,9.23,,-0.40,,4.78,2.37,7.15,107.01,95.13,11.88
Pittsburgh,ACC,,,16,16,65.4,65.5,-0.06,,7.17,,-0.65,7.76,7.11,104.67,93.38,11.29
Louisiana Tech,CUSA,,,22,8,74.5,63.7,10.83,,-1.49,,1.78,5.26,7.05,106.99,94.48,12.51
Furman,Southern,,,25,7,76.8,66.3,10.44,,-1.53,,3.58,3.23,6.82,106.41,95.32,11.09
Nevada-Las Vegas,MWC,,,17,15,72.1,70.1,2.03,,4.74,,4.45,2.32,6.77,107.61,96.84,10.77
Duquesne,A-10,,,21,9,71.5,66.4,5.10,,1.66,,2.93,3.83,6.76,106.28,94.87,11.41
Wake Forest,ACC,,,13,18,73.4,74.9,-1.45,,8.19,,7.76,-1.02,6.74,108.46,97.59,10.87
Colorado State,MWC,,,20,12,75.5,72.1,3.44,,3.98,,7.10,-0.38,6.72,108.95,98.11,10.84
Miami (FL),ACC,,,15,15,71.4,73.4,-1.93,,8.60,,6.21,0.46,6.67,107.80,97.09,10.71
Yale,Ivy,,,23,7,76.3,65.1,11.17,,-1.49,,4.05,2.60,6.65,106.01,95.08,10.93
Temple,AAC,,,14,17,68.3,67.9,0.42,,6.19,,1.89,4.73,6.61,100.65,90.29,10.36


Vermont,AEC,,,26,7,71.5,59.5,12.06,,-4.82,,-0.51,6.59,6.09,104.75,94.13,10.62
North Carolina-Greensboro,Southern,,,23,9,74.1,63.1,11.00,,-1.45,,0.38,5.57,5.95,102.20,92.10,10.09
Loyola (IL),MVC,,,21,11,68.7,62.7,5.97,,0.57,,-1.41,7.14,5.74,104.21,93.96,10.25
Northern Colorado,Big Sky,,,22,9,74.3,62.7,11.55,,-2.78,,1.48,4.25,5.74,108.66,98.05,10.61
Northwestern,Big Ten,,,8,22,65.2,69.9,-4.77,,10.34,,1.38,4.19,5.57,105.66,96.56,9.09
Bradley,MVC,,,23,11,71.7,65.9,5.82,,0.33,,2.10,3.24,5.33,106.59,97.36,9.23
South Florida,AAC,,,14,17,62.7,62.7,-0.03,,5.21,,-4.01,9.18,5.17,101.66,92.76,8.90
Central Florida,AAC,,,16,14,68.9,67.9,1.00,,4.16,,1.03,4.13,5.16,103.43,94.79,8.64
Liberty,A-Sun,,,30,4,68.6,53.8,14.76,,-7.25,,-5.52,10.68,5.16,105.27,94.27,11.00
Texas State,Sun Belt,,,20,11,72.7,64.2,8.52,,-0.23,,-0.77,5.85,5.08,104.84,95.80,9.05
Texas A&M,SEC,,,16,14,63.1,65.2,-2.03,,6.95,,-4.22,9.14,4.92,101.01,92.95,8.07
Washington State,Pac-12,,,15,16,69.5,69.7,-0.26,,4.67,,2.57,1.84,4.41,101.52,94.01,7.51
Belmont,OVC,,,26,7,79.6,67.9,11.70,,-6.21,,4.47,-0.15,4.32,104.96,97.84,7.12
Western Kentucky,CUSA,,,20,10,76.6,72.0,4.57,,0.92,,5.77,-1.61,4.16,108.38,100.95,7.43
Ball State,MAC (West),,,18,13,69.5,62.5,7.00,,-1.64,,-2.48,6.61,4.13,99.48,91.68,7.80
New Mexico State,WAC,,,25,6,71.4,59.7,11.68,,-4.23,,-2.57,6.69,4.12,106.18,97.25,8.94
Stephen F. Austin,Southland,,,28,3,80.6,67.0,13.61,,-6.90,,3.54,0.48,4.03,102.48,95.78,6.70
Pacific,WCC,,,23,10,69.7,64.5,5.21,,0.21,,-1.52,5.34,3.82,103.86,96.72,7.14
Georgia State,Sun Belt,,,19,12,78.6,71.9,6.68,,0.05,,7.52,-3.74,3.78,104.74,98.03,6.71
UC-Irvine,Big West,,,21,11,74.0,65.2,8.75,,-2.12,,0.42,3.36,3.78,103.20,96.23,6.97


Kent State,MAC (East),,,20,12,76.3,70.0,6.28,,-0.70,,4.60,-0.90,3.70,105.85,99.37,6.49
Missouri State,MVC,,,16,17,70.6,67.8,2.79,,0.74,,0.74,2.79,3.53,103.87,97.41,6.46
New Mexico,MWC,,,19,14,76.7,75.2,1.45,,2.67,,6.13,-2.62,3.51,105.58,98.92,6.67
Vanderbilt,SEC,,,11,20,71.7,74.6,-2.94,,6.21,,4.47,-1.20,3.28,105.62,99.78,5.84
Indiana State,MVC,,,18,12,68.4,66.8,1.60,,1.83,,0.30,2.94,3.24,105.63,99.15,6.48
St. Bonaventure,A-10,,,19,12,69.1,66.9,2.26,,1.62,,0.10,3.02,3.12,105.10,98.65,6.45
Hofstra,CAA,,,26,8,76.4,68.4,7.94,,-3.80,,3.21,-0.10,3.11,107.14,101.11,6.03
Harvard,Ivy,,,21,8,72.9,66.5,6.41,,-1.55,,2.06,0.99,3.05,103.29,97.34,5.95
Pepperdine,WCC,,,16,16,76.3,77.1,-0.78,,3.60,,7.49,-4.67,2.82,107.12,101.79,5.33
Nebraska,Big Ten,,,7,24,70.0,77.7,-7.71,,10.51,,6.52,-3.72,2.81,103.07,97.11,5.96
Texas-Arlington,Sun Belt,,,14,18,70.6,68.4,2.19,,2.14,,-0.19,2.96,2.77,101.06,95.35,5.71
University of California,Pac-12,,,13,18,63.2,69.6,-6.42,,8.98,,-2.54,5.10,2.56,101.61,97.16,4.45
Wright State,Horizon,,,25,7,80.6,70.8,9.88,,-6.20,,5.73,-3.26,2.47,102.70,98.32,4.38
South Dakota State,Summit,,,22,10,77.9,70.5,7.41,,-4.24,,4.12,-1.83,2.29,107.26,102.13,5.13
Little Rock,Sun Belt,,,21,10,73.2,69.4,3.81,,-1.07,,2.20,0.07,2.27,104.10,99.73,4.37
North Dakota State,Summit,,,25,8,74.8,66.2,8.61,,-3.92,,-0.49,2.71,2.21,105.10,99.95,5.15
Boston College,ACC,,,13,18,64.8,70.3,-5.52,,7.69,,-0.86,3.04,2.18,99.55,95.45,4.09
Oral Roberts,Summit,,,17,14,80.2,73.1,7.10,,-1.57,,6.52,-4.35,2.17,107.52,103.05,4.48
Fresno State,MWC,,,11,19,69.2,68.9,0.23,,3.39,,-1.22,3.29,2.07,105.21,100.73,4.48
Eastern Washington,Big Sky,,,23,8,80.9,72.9,8.06,,-1.79,,6.87,-4.83,2.04,103.60,99.70,3.90


Murray State,OVC,,,23,9,75.4,64.7,10.72,,-6.07,,0.45,1.55,2.00,101.72,97.46,4.25
Santa Clara,WCC,,,20,13,75.7,71.7,4.03,,0.62,,3.35,-1.41,1.94,102.16,97.76,4.40
Buffalo,MAC (East),,,20,12,78.6,75.8,2.84,,0.06,,7.39,-5.59,1.81,103.11,99.35,3.77
Colgate,Patriot,,,25,8,76.6,68.2,8.36,,-5.78,,2.55,-0.92,1.62,105.06,101.25,3.82
Marshall,CUSA,,,16,15,75.6,72.9,2.65,,-0.03,,4.83,-3.33,1.50,99.62,95.98,3.64
Northeastern,CAA,,,17,16,71.1,66.4,4.73,,-3.23,,-0.50,2.00,1.50,105.07,101.40,3.68
Valparaiso,MVC,,,19,16,72.3,71.3,1.03,,1.19,,2.91,-1.45,1.46,103.57,99.93,3.64
Toledo,MAC (West),,,17,15,74.6,70.1,4.44,,-1.49,,2.50,-1.31,1.19,105.21,102.32,2.89
Winthrop,Big South,,,24,10,81.3,71.5,9.82,,-6.50,,5.55,-4.37,1.18,103.31,100.88,2.43
Massachusetts,A-10,,,14,17,68.5,71.2,-2.68,,3.80,,1.20,-0.08,1.12,102.43,99.50,2.93
Pennsylvania,Ivy,,,16,11,73.7,70.6,3.15,,-0.35,,1.98,-0.90,1.08,101.97,99.15,2.82
Georgia Southern,Sun Belt,,,19,13,75.4,70.9,4.47,,-0.94,,2.36,-1.33,1.03,100.35,97.67,2.68
Tulane,AAC,,,12,18,68.3,70.9,-2.60,,3.54,,0.59,0.35,0.94,101.94,99.51,2.43
George Mason,A-10,,,16,15,66.8,67.7,-0.87,,1.78,,-1.95,2.86,0.91,100.51,97.90,2.60
Ohio,MAC (East),,,17,15,71.4,68.5,2.94,,0.19,,-0.10,0.85,0.76,102.65,100.34,2.32
Florida International,CUSA,,,18,13,76.5,72.4,4.10,,-0.95,,4.42,-3.72,0.69,101.96,99.85,2.11
Montana,Big Sky,,,18,13,70.8,68.5,2.35,,-1.48,,-0.35,0.97,0.63,100.49,97.88,2.61
College of Charleston,CAA,,,17,14,70.2,68.0,2.16,,-0.77,,-1.19,1.78,0.60,103.89,101.86,2.03
Charlotte,CUSA,,,16,13,66.3,64.7,1.55,,-1.05,,-5.00,5.51,0.50,98.79,96.30,2.49
Bowling Green State,MAC (East),,,21,10,74.5,72.9,1.65,,0.20,,3.23,-2.75,0.48,103.13,101.01,2.12


Drake,MVC,,,20,14,69.4,67.7,1.68,,0.64,,-1.17,1.62,0.45,101.72,99.37,2.35
Chattanooga,Southern,,,20,13,73.0,68.5,4.52,,-1.89,,0.35,0.05,0.40,104.05,102.17,1.88
Old Dominion,CUSA,,,13,18,65.9,65.6,0.29,,0.07,,-4.48,4.85,0.36,97.29,95.10,2.19
Southern Utah,Big Sky,,,16,15,72.7,66.2,6.48,,-2.12,,-1.46,1.80,0.33,97.60,96.05,1.54
Northern Kentucky,Horizon,,,23,9,72.4,65.3,7.13,,-4.65,,-3.29,3.58,0.28,100.48,98.31,2.18
Wofford,Southern,,,19,16,72.1,68.5,3.54,,-1.46,,-0.91,1.11,0.20,104.51,103.01,1.50
Towson,CAA,,,19,13,70.6,66.4,4.16,,-1.43,,-1.36,1.53,0.17,103.59,101.81,1.79
South Alabama,Sun Belt,,,20,11,71.3,67.5,3.77,,-1.01,,-1.44,1.53,0.10,104.87,103.10,1.77
Western Carolina,Southern,,,19,12,78.8,74.7,4.10,,-1.54,,6.48,-6.56,-0.09,105.64,104.46,1.18
Southern Illinois,MVC,,,16,16,62.6,62.2,0.34,,0.39,,-7.39,7.23,-0.16,97.73,96.19,1.54
La Salle,A-10,,,15,15,68.0,69.9,-1.93,,1.71,,-1.14,0.92,-0.23,97.73,96.37,1.36
Air Force,MWC,,,12,20,73.1,74.6,-1.50,,3.02,,3.93,-4.30,-0.37,108.07,107.25,0.81
Appalachian State,Sun Belt,,,18,14,68.4,66.8,1.59,,-0.21,,-3.74,3.26,-0.47,98.76,97.89,0.87
UC-Santa Barbara,Big West,,,21,10,70.8,66.3,4.55,,-4.03,,-2.31,1.77,-0.55,104.71,103.42,1.29
North Florida,A-Sun,,,21,12,78.3,73.2,5.06,,-3.30,,6.27,-6.89,-0.62,109.72,108.93,0.80
Princeton,Ivy,,,14,13,71.5,69.1,2.41,,-1.50,,0.02,-0.78,-0.77,104.53,104.04,0.49
Texas-El Paso,CUSA,,,17,14,67.1,65.5,1.58,,-0.51,,-5.26,4.46,-0.80,96.11,95.15,0.96
Coastal Carolina,Sun Belt,,,16,17,78.0,76.3,1.67,,-0.29,,5.84,-6.64,-0.81,103.77,103.50,0.27
Austin Peay,OVC,,,21,12,76.3,71.5,4.85,,-4.15,,1.90,-2.89,-0.99,105.28,104.98,0.30
Loyola Marymount,WCC,,,11,21,64.3,67.8,-3.47,,3.93,,-6.63,5.60,-1.03,100.63,101.37,-0.74


Alabama-Birmingham,CUSA,,,18,13,67.1,65.1,1.97,,-1.61,,-4.47,3.41,-1.06,99.60,99.64,-0.04
Hawaii,Big West,,,17,13,68.6,67.2,1.37,,-2.07,,-2.64,1.40,-1.24,98.81,98.99,-0.18
Northern Illinois,MAC (West),,,18,13,66.8,64.5,2.35,,-2.14,,-6.25,4.94,-1.31,97.51,97.91,-0.40
Siena,MAAC,,,19,10,72.6,68.3,4.21,,-5.54,,0.68,-2.01,-1.33,104.41,104.58,-0.17
Delaware,CAA,,,22,11,74.3,70.7,3.64,,-3.76,,1.38,-2.83,-1.45,103.64,104.18,-0.54
Portland State,Big Sky,,,18,14,78.7,75.4,3.31,,-2.42,,6.64,-8.12,-1.49,105.60,106.34,-0.74
South Dakota,Summit,,,20,12,79.6,74.2,5.41,,-3.83,,4.32,-6.05,-1.73,106.35,106.85,-0.50
California Baptist,WAC,,,21,10,79.5,70.0,9.52,,-6.64,,2.72,-4.69,-1.97,104.27,105.48,-1.21
Boston University,Patriot,,,20,13,71.1,66.9,4.18,,-5.48,,-2.28,0.24,-2.04,101.39,102.78,-1.39
Saint Francis (PA),NEC,,,22,10,77.7,71.8,5.84,,-6.50,,2.94,-5.00,-2.05,104.79,106.48,-1.70
Florida Atlantic,CUSA,,,16,15,71.3,69.9,1.39,,-1.29,,-1.45,-0.62,-2.07,98.69,100.16,-1.47
Sacramento State,Big Sky,,,15,14,63.2,59.9,3.31,,-2.50,,-9.56,7.47,-2.10,95.01,96.41,-1.40
East Carolina,AAC,,,11,20,68.1,72.2,-4.10,,1.86,,0.40,-2.64,-2.24,99.19,101.20,-2.01
Stony Brook,AEC,,,20,13,69.2,65.8,3.36,,-4.37,,-2.43,0.06,-2.37,95.74,97.81,-2.07
William & Mary,CAA,,,21,11,71.5,69.0,2.50,,-3.02,,-1.04,-1.33,-2.38,101.10,103.39,-2.29
Illinois State,MVC,,,10,21,66.1,70.0,-3.90,,2.00,,-2.72,0.05,-2.67,97.97,100.38,-2.41
Radford,Big South,,,21,11,71.9,66.1,5.84,,-5.70,,-3.30,0.63,-2.67,102.97,105.14,-2.18
Abilene Christian,Southland,,,20,11,75.9,65.3,10.58,,-6.86,,-2.98,0.11,-2.86,96.75,98.91,-2.16
Arkansas State,Sun Belt,,,16,16,70.7,71.9,-1.22,,-0.70,,-0.42,-2.49,-2.90,103.62,106.38,-2.76
Rice,CUSA,,,15,16,73.8,73.9,-0.10,,-0.85,,2.54,-5.49,-2.95,103.01,104.93,-1.92


Wyoming,MWC,,,9,24,62.7,69.9,-7.21,,4.86,,-6.93,3.91,-3.02,93.65,97.20,-3.54
Texas-San Antonio,CUSA,,,13,18,77.2,77.1,0.03,,0.46,,6.58,-9.65,-3.07,102.93,105.37,-2.43
Rider,MAAC,,,18,12,71.7,69.3,2.40,,-5.48,,-0.24,-2.84,-3.08,97.82,100.89,-3.07
Eastern Michigan,MAC (West),,,16,16,64.9,64.1,0.88,,0.97,,-8.63,5.53,-3.10,92.63,94.94,-2.31
Mercer,Southern,,,17,15,71.7,70.3,1.44,,-2.71,,-2.59,-0.55,-3.14,98.89,101.70,-2.81
George Washington,A-10,,,12,19,65.6,70.0,-4.42,,1.04,,-3.36,-0.02,-3.38,98.28,102.11,-3.83
Central Michigan,MAC (West),,,14,18,78.3,76.7,1.63,,-0.26,,5.03,-8.43,-3.40,101.29,104.55,-3.25
San Diego,WCC,,,9,23,65.7,72.5,-6.81,,4.42,,-3.49,0.04,-3.45,94.02,97.54,-3.52
UC-Riverside,Big West,,,17,15,64.3,60.6,3.75,,-4.17,,-10.02,6.40,-3.62,94.63,98.10,-3.47
Saint Peter's,MAAC,,,17,12,66.7,64.4,2.24,,-5.91,,-6.48,2.81,-3.67,92.86,96.64,-3.78
Illinois-Chicago,Horizon,,,18,17,68.9,68.8,0.14,,-3.82,,-4.04,0.28,-3.76,94.50,98.11,-3.60
Nicholls State,Southland,,,21,10,77.0,69.2,7.87,,-6.00,,-2.97,-0.88,-3.85,96.78,99.68,-2.90
Seattle,WAC,,,14,15,75.1,72.8,2.31,,-3.94,,0.57,-4.54,-3.98,99.35,103.56,-4.21
Dartmouth,Ivy,,,12,17,65.3,64.6,0.76,,-3.19,,-7.63,3.48,-4.15,94.38,99.02,-4.64
Miami (OH),MAC (East),,,13,19,70.9,71.1,-0.19,,-0.56,,-2.50,-1.66,-4.16,100.67,105.06,-4.38
Fordham,A-10,,,8,22,58.1,62.0,-3.90,,-0.28,,-12.23,8.05,-4.18,88.69,93.81,-5.12
American,Patriot,,,16,14,71.6,69.5,2.13,,-6.47,,-1.81,-2.53,-4.34,98.64,103.19,-4.55
Northern Arizona,Big Sky,,,16,13,71.2,69.6,1.69,,-2.17,,-2.26,-2.17,-4.43,101.49,106.57,-5.08
Brown,Ivy,,,15,12,67.0,68.7,-1.67,,-1.73,,-4.30,-0.16,-4.46,93.88,99.34,-5.46
Monmouth,MAAC,,,18,13,71.3,70.6,0.68,,-5.18,,0.49,-4.99,-4.50,96.14,101.15,-5.02


Louisiana,Sun Belt,,,14,19,73.2,76.2,-2.97,,-0.66,,1.94,-6.54,-4.60,99.39,104.44,-5.05
UC-Davis,Big West,,,14,18,72.8,71.4,1.38,,-2.62,,0.24,-4.93,-4.69,102.31,107.45,-5.14
Robert Morris,NEC,,,20,14,69.8,67.1,2.74,,-6.36,,-5.18,0.42,-4.75,98.29,103.33,-5.04
Sacred Heart,NEC,,,20,13,73.3,69.4,3.91,,-7.41,,-1.54,-3.22,-4.76,98.46,103.86,-5.40
Green Bay,Horizon,,,17,16,81.6,80.1,1.55,,-2.78,,7.81,-12.58,-4.78,103.82,108.64,-4.82
Montana State,Big Sky,,,16,15,66.6,67.0,-0.32,,-2.25,,-6.21,1.24,-4.98,94.93,100.17,-5.24
Eastern Illinois,OVC,,,17,15,74.3,69.2,5.09,,-7.40,,-2.55,-2.52,-5.07,96.37,102.26,-5.89
Omaha,Summit,,,16,16,73.5,76.9,-3.41,,-0.96,,0.85,-5.94,-5.09,100.87,106.06,-5.19
Sam Houston State,Southland,,,18,13,78.0,72.4,5.55,,-6.48,,0.69,-5.84,-5.15,97.71,102.99,-5.29
Drexel,CAA,,,14,19,68.3,70.4,-2.09,,-2.15,,-3.05,-2.28,-5.34,98.43,105.05,-6.62
Western Michigan,MAC (West),,,13,19,69.4,72.1,-2.69,,-0.20,,-2.68,-2.68,-5.37,98.45,104.63,-6.18
Saint Joseph's,A-10,,,6,25,69.0,79.5,-10.58,,5.09,,2.30,-7.79,-5.49,100.30,106.29,-5.99
Gardner-Webb,Big South,,,16,16,72.4,71.0,1.44,,-5.78,,-2.44,-3.08,-5.52,98.36,104.62,-6.27
Youngstown State,Horizon,,,18,15,72.8,71.2,1.52,,-4.79,,-2.45,-3.11,-5.57,99.57,105.66,-6.09
Lafayette,Patriot,,,19,12,70.1,68.8,1.32,,-5.94,,-4.55,-1.36,-5.90,97.78,104.87,-7.09
Oakland,Horizon,,,14,19,67.8,69.7,-1.88,,-3.12,,-5.71,-0.22,-5.93,95.80,102.58,-6.78
Missouri-Kansas City,WAC,,,16,14,69.8,65.9,3.93,,-3.56,,-6.59,0.59,-6.00,95.05,101.61,-6.56
Iona,MAAC,,,12,16,70.6,71.4,-0.82,,-5.40,,-0.63,-5.59,-6.22,99.78,106.68,-6.89
Prairie View,SWAC,,,19,13,71.9,68.3,3.63,,-8.34,,-3.55,-2.69,-6.24,94.40,101.07,-6.67
North Dakota,Summit,,,15,18,74.8,74.8,0.09,,-1.38,,-0.74,-5.51,-6.25,100.12,107.26,-7.14


Grand Canyon,WAC,,,13,17,70.5,73.0,-2.50,,-4.05,,-0.25,-6.08,-6.32,102.32,109.86,-7.54
Cal State Northridge,Big West,,,15,17,76.1,79.0,-2.91,,-0.94,,3.69,-10.03,-6.34,104.65,111.34,-6.69
Jacksonville,A-Sun,,,14,18,66.8,66.7,0.19,,-5.62,,-6.74,0.25,-6.49,92.44,100.43,-7.98
Louisiana-Monroe,Sun Belt,,,9,20,63.1,67.4,-4.31,,-0.19,,-8.52,2.00,-6.52,94.27,102.31,-8.04
Portland,WCC,,,9,23,66.4,72.2,-5.72,,1.98,,-4.48,-2.03,-6.52,94.12,101.52,-7.40
Southern Mississippi,CUSA,,,9,22,66.0,72.3,-6.29,,2.36,,-6.52,-0.12,-6.64,94.01,102.13,-8.12
Tennessee State,OVC,,,18,15,71.4,71.1,0.30,,-5.46,,-3.10,-3.61,-6.71,95.64,103.68,-8.04
Bryant,NEC,,,15,17,71.0,69.5,1.50,,-6.70,,-2.91,-3.82,-6.73,94.56,102.42,-7.85
Cal State Fullerton,Big West,,,11,20,68.6,71.4,-2.77,,-1.33,,-3.09,-3.65,-6.74,93.90,101.75,-7.85
Hartford,AEC,,,18,15,66.7,66.8,-0.06,,-6.02,,-7.04,0.25,-6.79,91.92,100.47,-8.55
VMI,Southern,,,9,24,72.1,71.1,1.03,,-2.71,,-2.00,-4.91,-6.91,97.06,105.19,-8.13
Merrimack,NEC,,,20,11,62.8,60.2,2.65,,-6.54,,-12.06,5.13,-6.94,90.98,99.03,-8.05
Texas-Rio Grande Valley,WAC,,,14,16,73.0,71.4,1.53,,-3.64,,-1.39,-5.60,-6.99,96.30,104.32,-8.03
Evansville,MVC,,,9,23,67.2,74.0,-6.84,,0.65,,-3.09,-3.91,-7.00,96.25,105.45,-9.20
Cal State Bakersfield,WAC,,,12,19,68.0,67.6,0.39,,-3.22,,-7.35,0.27,-7.08,94.60,103.35,-8.75
Lipscomb,A-Sun,,,16,16,70.5,70.7,-0.19,,-4.45,,-1.98,-5.10,-7.08,98.60,107.24,-8.65
Milwaukee,Horizon,,,12,19,71.5,72.6,-1.16,,-3.87,,-2.40,-4.79,-7.18,95.21,103.68,-8.48
Navy,Patriot,,,14,16,63.6,64.1,-0.53,,-5.75,,-9.47,2.11,-7.37,94.82,104.09,-9.28
Utah Valley,WAC,,,11,19,70.2,71.0,-0.87,,-4.17,,-3.22,-4.24,-7.46,94.78,103.64,-8.86
San Jose State,MWC,,,7,24,69.9,81.4,-11.48,,5.19,,0.90,-8.41,-7.51,96.01,104.18,-8.17


Canisius,MAAC,,,12,20,68.6,70.8,-2.16,,-5.45,,-3.23,-4.37,-7.60,94.66,104.45,-9.79
New Hampshire,AEC,,,15,15,69.0,66.3,2.70,,-6.29,,-5.59,-2.03,-7.61,91.83,101.61,-9.79
Quinnipiac,MAAC,,,15,15,69.6,70.7,-1.13,,-6.53,,-2.72,-4.94,-7.66,98.37,107.89,-9.52
Norfolk State,MEAC,,,16,15,70.5,64.9,5.61,,-9.35,,-8.31,0.59,-7.72,91.75,101.44,-9.68
Elon,CAA,,,13,21,68.7,71.7,-2.97,,-1.96,,-4.68,-3.05,-7.73,98.11,107.66,-9.55
Bucknell,Patriot,,,14,20,67.6,71.0,-3.41,,-4.34,,-4.86,-2.89,-7.76,93.85,103.29,-9.44
Lamar,Southland,,,16,15,72.0,69.9,2.06,,-6.28,,-4.68,-3.17,-7.85,93.50,102.27,-8.77
Purdue-Fort Wayne,Summit,,,14,19,68.5,70.3,-1.79,,-3.20,,-6.60,-1.27,-7.86,93.52,103.09,-9.57
Maryland-Baltimore County,AEC,,,16,17,68.3,66.9,1.45,,-4.40,,-6.49,-1.57,-8.06,95.31,105.15,-9.84
Massachusetts-Lowell,AEC,,,13,19,74.6,76.0,-1.41,,-5.34,,2.92,-11.10,-8.18,101.23,111.40,-10.17
Manhattan,MAAC,,,13,17,62.5,64.3,-1.77,,-6.45,,-10.07,1.85,-8.21,89.70,100.22,-10.51
Weber State,Big Sky,,,12,19,70.0,71.5,-1.52,,-0.59,,-4.54,-3.69,-8.23,96.91,107.98,-11.07
Jacksonville State,OVC,,,13,19,71.7,69.3,2.38,,-6.34,,-5.66,-2.61,-8.27,94.03,104.13,-10.09
Long Island University,NEC,,,15,18,75.9,76.8,-0.91,,-6.16,,0.81,-9.20,-8.38,96.05,106.42,-10.38
Middle Tennessee,CUSA,,,8,23,70.7,75.2,-4.48,,0.86,,-1.90,-6.49,-8.39,96.58,106.53,-9.95
Cornell,Ivy,,,7,20,67.3,70.8,-3.48,,-1.89,,-4.74,-3.67,-8.41,98.79,110.05,-11.26
McNeese State,Southland,,,15,16,80.0,74.5,5.52,,-6.96,,0.70,-9.14,-8.44,101.74,111.53,-9.79
Campbell,Big South,,,15,16,68.7,66.6,2.10,,-8.10,,-8.33,-0.18,-8.52,94.49,104.81,-10.32
Cal State Long Beach,Big West,,,11,21,67.4,75.1,-7.72,,1.13,,-2.88,-5.79,-8.67,93.88,104.03,-10.15
Albany (NY),AEC,,,14,18,66.5,68.4,-1.97,,-5.90,,-6.65,-2.12,-8.77,92.80,104.08,-11.28


Idaho State,Big Sky,,,7,22,70.0,73.7,-3.69,,-1.50,,-2.25,-6.58,-8.83,99.18,110.70,-11.51
Troy,Sun Belt,,,9,22,68.7,73.4,-4.68,,-1.32,,-4.06,-4.95,-9.01,94.30,105.48,-11.18
North Alabama,A-Sun,,,13,17,68.7,69.7,-1.00,,-5.84,,-4.41,-4.61,-9.02,93.13,104.28,-11.15
Army,Patriot,,,15,15,70.9,72.0,-1.10,,-6.68,,-3.07,-6.02,-9.10,95.62,107.04,-11.43
Eastern Kentucky,OVC,,,16,17,74.7,75.4,-0.73,,-4.46,,-0.64,-8.53,-9.17,93.50,104.38,-10.88
James Madison,CAA,,,9,21,71.9,76.5,-4.63,,-2.74,,1.17,-10.36,-9.19,98.04,109.84,-11.80
North Carolina-Wilmington,CAA,,,10,22,68.3,71.7,-3.38,,-0.81,,-7.01,-2.21,-9.22,91.15,103.03,-11.88
Southern,SWAC,,,17,15,69.8,67.1,2.72,,-9.48,,-7.40,-1.94,-9.35,94.10,105.52,-11.42
North Carolina A&T,MEAC,,,16,15,71.8,71.9,-0.10,,-7.37,,-3.63,-5.91,-9.54,89.10,101.48,-12.38
Loyola (MD),Patriot,,,15,17,73.4,74.8,-1.44,,-7.21,,-0.58,-8.99,-9.57,97.06,109.03,-11.97
Mount St. Mary's,NEC,,,11,21,64.2,66.6,-2.47,,-6.49,,-10.21,0.62,-9.59,93.25,105.91,-12.66
Fairfield,MAAC,,,12,20,58.0,62.9,-4.84,,-4.80,,-13.85,4.21,-9.64,87.55,100.52,-12.98
Stetson,A-Sun,,,16,17,63.7,65.7,-1.94,,-5.31,,-9.71,0.07,-9.64,95.14,107.45,-12.31
Detroit Mercy,Horizon,,,8,23,70.2,78.1,-7.97,,-1.92,,-1.64,-8.25,-9.88,97.76,109.80,-12.04
Cal Poly,Big West,,,7,23,67.6,74.9,-7.37,,-0.41,,-3.91,-6.07,-9.98,92.98,106.07,-13.09
Fairleigh Dickinson,NEC,,,11,19,72.2,74.5,-2.30,,-5.93,,-1.22,-8.78,-10.00,99.30,112.39,-13.09
Denver,Summit,,,7,24,68.9,76.1,-7.26,,-1.98,,-3.32,-6.73,-10.05,93.48,105.66,-12.18
NJIT,A-Sun,,,9,21,63.5,67.7,-4.20,,-4.83,,-8.31,-1.83,-10.14,91.66,104.61,-12.96
Bethune-Cookman,MEAC,,,16,14,74.6,72.2,2.40,,-8.98,,-1.78,-8.38,-10.16,92.14,104.85,-12.71
Columbia,Ivy,,,6,24,66.3,72.7,-6.43,,-2.51,,-5.07,-5.13,-10.20,92.56,105.37,-12.80


Texas A&M-Corpus Christi,Southland,,,14,17,66.1,68.4,-2.26,,-6.52,,-10.31,0.07,-10.24,92.02,104.03,-12.01
North Carolina Central,MEAC,,,17,13,69.0,65.7,3.33,,-8.41,,-9.16,-1.11,-10.26,91.77,104.51,-12.74
North Carolina-Asheville,Big South,,,15,16,75.0,74.8,0.26,,-8.29,,-0.86,-9.43,-10.29,96.93,110.23,-13.31
Florida Gulf Coast,A-Sun,,,10,22,61.8,66.3,-4.47,,-4.34,,-10.30,0.00,-10.31,89.20,102.64,-13.43
Texas Southern,SWAC,,,16,16,73.0,76.0,-3.00,,-6.06,,0.06,-10.45,-10.39,94.87,106.72,-11.85
Northwestern State,Southland,,,14,15,75.4,76.1,-0.76,,-6.86,,-1.57,-8.98,-10.55,94.05,106.47,-12.42
Jackson State,SWAC,,,15,17,67.3,67.4,-0.13,,-8.62,,-8.80,-2.12,-10.92,89.75,102.77,-13.02
Lehigh,Patriot,,,11,21,68.3,73.1,-4.84,,-3.89,,-5.33,-5.59,-10.92,93.33,107.78,-14.45
Morehead State,OVC,,,13,19,69.0,70.0,-1.00,,-6.41,,-6.77,-4.17,-10.95,92.68,106.79,-14.10
Niagara,MAAC,,,12,20,65.7,72.4,-6.69,,-4.35,,-5.43,-5.61,-11.03,96.55,111.50,-14.95
Cleveland State,Horizon,,,11,21,64.2,71.8,-7.66,,-2.47,,-9.06,-2.12,-11.18,90.06,104.05,-13.99
Central Arkansas,Southland,,,10,21,74.7,82.4,-7.65,,-2.66,,1.28,-12.50,-11.23,95.02,107.36,-12.34
St. Francis (NY),NEC,,,13,18,69.9,71.6,-1.68,,-7.47,,-5.25,-6.08,-11.34,91.11,105.89,-14.77
Maine,AEC,,,9,22,61.4,68.0,-6.61,,-3.70,,-10.12,-1.75,-11.87,89.51,106.26,-16.75
Hampton,Big South,,,15,19,77.5,79.2,-1.71,,-5.77,,2.61,-14.61,-12.00,101.51,117.02,-15.51
Florida A&M,MEAC,,,12,15,67.6,73.5,-5.93,,-6.27,,-5.98,-6.22,-12.19,90.46,105.72,-15.26
Marist,MAAC,,,7,23,60.5,65.7,-5.13,,-7.10,,-12.29,0.05,-12.24,87.47,103.92,-16.45
Idaho,Big Sky,,,8,23,65.1,72.7,-7.65,,-2.17,,-8.07,-4.20,-12.27,90.02,106.43,-16.41
Grambling,SWAC,,,17,15,71.3,68.4,2.88,,-9.78,,-8.43,-3.96,-12.39,90.65,106.13,-15.49
Longwood,Big South,,,14,18,67.1,68.6,-1.47,,-9.27,,-8.52,-3.88,-12.41,88.46,104.72,-16.26


Morgan State,MEAC,,,15,16,70.4,70.9,-0.48,,-9.14,,-6.02,-6.76,-12.78,89.49,105.58,-16.09
Samford,Southern,,,10,23,74.2,82.2,-7.97,,-1.10,,0.58,-13.68,-13.10,96.16,111.45,-15.29
Charleston Southern,Big South,,,14,18,68.8,72.0,-3.16,,-6.95,,-8.04,-5.08,-13.12,91.70,108.73,-17.03
South Carolina Upstate,Big South,,,13,20,69.3,74.5,-5.27,,-6.05,,-6.35,-7.21,-13.57,91.98,110.40,-18.42
Tennessee Tech,OVC,,,9,22,65.6,72.3,-6.71,,-4.64,,-9.47,-4.13,-13.60,89.78,107.87,-18.09
Citadel,Southern,,,6,24,74.8,81.1,-6.30,,-1.01,,-0.13,-13.70,-13.83,93.65,110.83,-17.18
New Orleans,Southland,,,9,21,75.4,77.4,-2.03,,-4.69,,-3.24,-10.80,-14.03,96.03,113.30,-17.27
Tennessee-Martin,OVC,,,9,20,75.7,82.1,-6.48,,-4.29,,1.31,-15.45,-14.14,102.94,121.35,-18.41
SIU Edwardsville,OVC,,,8,23,66.9,72.9,-6.06,,-5.70,,-7.83,-6.31,-14.15,89.09,108.06,-18.97
Western Illinois,Summit,,,5,21,74.4,81.8,-7.38,,-3.04,,-0.58,-13.71,-14.29,95.95,114.10,-18.15
Coppin State,MEAC,,,11,20,68.0,74.1,-6.10,,-8.27,,-5.84,-8.52,-14.36,86.04,104.47,-18.43
Southeast Missouri State,OVC,,,7,24,66.3,74.4,-8.16,,-5.27,,-7.56,-6.99,-14.55,91.41,111.00,-19.59
Alcorn State,SWAC,,,15,15,75.0,73.2,1.83,,-9.66,,-4.18,-10.48,-14.66,92.91,111.48,-18.57
Wagner,NEC,,,8,21,68.3,76.2,-7.86,,-5.60,,-5.23,-9.58,-14.81,94.91,113.81,-18.90
IUPUI,Horizon,,,7,25,70.5,80.1,-9.63,,-3.38,,-1.37,-13.51,-14.88,95.86,115.18,-19.32
Binghamton,AEC,,,10,19,69.4,76.6,-7.14,,-4.60,,-3.99,-11.02,-15.01,95.34,115.54,-20.20
Presbyterian,Big South,,,10,22,67.3,73.3,-5.97,,-6.92,,-7.46,-7.60,-15.06,93.28,114.12,-20.84
South Carolina State,MEAC,,,11,18,70.2,75.2,-4.93,,-9.27,,-6.31,-9.70,-16.01,93.32,114.73,-21.41
Southeastern Louisiana,Southland,,,8,23,69.6,78.4,-8.77,,-5.65,,-5.41,-10.64,-16.05,89.53,109.30,-19.77
Alabama State,SWAC,,,8,24,61.4,71.0,-9.63,,-6.53,,-11.84,-4.31,-16.16,84.59,105.67,-21.08


High Point,Big South,,,9,23,65.9,74.9,-8.94,,-5.32,,-9.24,-7.05,-16.29,91.88,113.94,-22.05
Houston Baptist,Southland,,,4,25,80.1,93.9,-13.79,,-3.60,,7.01,-24.40,-17.39,99.91,120.02,-20.11
Holy Cross,Patriot,,,3,29,65.8,79.3,-13.47,,-4.28,,-6.02,-12.07,-18.08,92.40,116.51,-24.12
Incarnate Word,Southland,,,9,22,66.1,73.9,-7.81,,-6.86,,-11.50,-7.07,-18.58,88.17,112.48,-24.31
Alabama A&M,SWAC,,,8,22,61.5,71.5,-10.03,,-8.87,,-12.66,-6.24,-18.90,84.59,108.54,-23.95
Central Connecticut State,NEC,,,4,27,63.2,77.3,-14.10,,-4.64,,-10.15,-10.19,-20.34,85.61,112.66,-27.05
Delaware State,MEAC,,,6,25,73.4,82.7,-9.29,,-9.53,,-1.97,-18.69,-20.66,90.24,116.46,-26.23
Arkansas-Pine Bluff,SWAC,,,4,26,53.8,68.3,-14.47,,-6.42,,-19.69,-1.98,-21.66,76.54,105.78,-29.24
Howard,MEAC,,,4,28,69.7,81.1,-11.47,,-7.90,,-5.62,-16.35,-21.97,89.50,118.13,-28.63
Maryland-Eastern Shore,MEAC,,,5,27,57.5,71.2,-13.66,,-6.41,,-16.69,-5.31,-21.99,78.71,108.07,-29.36
Kennesaw State,A-Sun,,,1,28,55.2,75.2,-19.97,,-2.64,,-15.59,-7.01,-22.60,79.89,111.49,-31.61
Chicago State,WAC,,,4,25,61.4,81.8,-20.38,,-2.83,,-13.05,-15.13,-28.18,82.99,121.64,-38.66
Mississippi Valley State,SWAC,,,3,27,68.3,89.7,-21.40,,-7.68,,-5.41,-23.67,-29.08,83.43,117.97,-34.54
