

Abilene Christian,31,20,11,.645,-2.89,-6.89,15,5,13,3,7,8,2352,2024,,71.1,105.0,.383,.373,.549,50.1,56.6,13.1,7.9,.507,16.9,30.6,.284
Air Force,32,12,20,.375,-0.41,2.98,5,13,8,7,3,9,2338,2386,,68.9,106.0,.357,.417,.568,50.0,58.2,7.3,4.6,.534,16.1,22.7,.261
Akron,31,24,7,.774,7.12,-0.44,14,4,15,2,8,4,2348,2062,,70.6,107.2,.352,.444,.562,50.7,51.4,7.2,7.3,.521,16.0,27.9,.271
Alabama A&M,29,8,21,.276,-18.60,-8.98,5,13,6,5,2,15,1785,2064,,69.2,88.5,.326,.320,.462,47.2,48.7,8.4,5.9,.425,15.9,25.0,.218
Alabama-Birmingham,31,18,13,.581,-1.06,-1.61,9,9,11,6,5,7,2080,2019,,67.0,100.1,.351,.301,.535,54.8,43.1,8.9,8.6,.501,19.0,31.9,.247
Alabama State,31,8,23,.258,-15.93,-6.45,7,11,4,5,2,15,1912,2206,,71.0,86.9,.361,.392,.477,47.2,48.2,8.9,6.1,.446,19.8,25.9,.226
Alabama,31,16,15,.516,11.10,8.10,8,10,10,5,4,8,2542,2449,,76.1,106.0,.369,.489,.553,49.7,51.6,8.2,10.4,.522,16.7,29.8,.256
Albany (NY),32,14,18,.438,-8.80,-5.92,7,9,7,7,5,11,2127,2190,,69.7,95.0,.339,.438,.518,49.8,56.4,8.0,7.9,.482,17.5,24.1,.239
Alcorn State,29,15,14,.517,-14.16,-9.64,11,7,11,2,4,12,2199,2127,,72.7,103.4,.302,.404,.539,51.5,52.3,11.0,8.6,.504,16.9,30.6,.224
American,30,16,14,.533,-4.33,-6.47,12,6,10,4,6,10,2149,2085,,69.0,103.5,.286,.347,.543,48.6,48.1,11.5,9.3,.516,15.7,26.6,.201
Appalachian State,31,17,14,.548,-0.66,-0.21,11,9,9,5,7,8,2118,2072,,68.4,99.4,.393,.390,.525,49.8,49.1,10.8,6.7,.491,16.9,27.7,.263
Arizona State,31,20,11,.645,11.39,8.03,11,7,13,3,6,5,2288,2184,,73.7,100.1,.324,.369,.521,48.5,42.3,10.9,9.4,.488,15.7,26.5,.225
Arizona,31,20,11,.645,19.46,8.24,10,8,13,4,4,6,2368,2020,,70.1,108.1,.363,.345,.547,52.8,57.3,9.5,10.6,.508,14.4,30.9,.265
Little Rock,31,21,10,.677,2.25,-1.08,15,5,13,2,8,8,2270,2152,,70.2,104.4,.450,.328,.566,52.2,59.5,9.8,10.4,.527,19.3,30.7,.319
Arkansas-Pine Bluff,30,4,26,.133,-21.67,-6.43,3,15,2,8,2,18,1615,2049,,67.6,79.3,.374,.289,.462,48.9,49.1,10.7,9.8,.435,23.3,27.9,.220
Arkansas State,32,16,16,.500,-2.93,-0.73,8,12,10,7,6,9,2262,2301,,68.5,102.4,.474,.317,.537,49.3,58.9,10.0,7.6,.490,16.5,28.8,.336
Arkansas,31,19,12,.613,13.34,7.37,7,11,14,4,4,8,2340,2155,,71.4,104.0,.420,.395,.550,45.0,46.5,11.0,9.9,.506,14.3,21.3,.306
Army,30,15,15,.500,-9.08,-6.67,10,8,9,6,6,9,2128,2161,,69.7,100.9,.253,.370,.545,48.6,59.3,7.9,4.6,.533,15.4,20.0,.156
Auburn,31,25,6,.806,15.02,7.37,12,6,16,1,5,5,2419,2182,,70.4,108.2,.438,.441,.536,53.7,49.1,8.9,12.9,.500,15.0,35.3,.295
Austin Peay,33,21,12,.636,-0.97,-4.13,14,4,14,0,5,10,2519,2359,,69.9,108.9,.368,.331,.552,52.1,48.7,9.4,8.2,.516,15.6,33.1,.264


Ball State,31,18,13,.581,4.11,-1.66,11,7,11,4,5,7,2155,1938,,69.3,100.3,.308,.480,.537,51.0,55.7,9.5,9.0,.509,17.0,25.4,.214
Baylor,30,26,4,.867,20.10,9.10,15,3,14,1,8,2,2134,1804,,66.6,106.4,.308,.369,.523,52.5,54.1,12.2,12.5,.494,14.9,35.7,.213
Belmont,33,26,7,.788,4.32,-6.21,15,3,13,1,11,5,2627,2241,,72.8,109.4,.227,.438,.572,50.5,61.3,10.4,8.0,.553,14.6,24.9,.162
Bethune-Cookman,30,16,14,.533,-10.16,-8.97,10,6,10,1,4,13,2239,2167,,75.0,98.3,.381,.313,.515,50.5,46.3,9.5,7.5,.474,17.6,30.6,.267
Binghamton,29,10,19,.345,-15.04,-4.63,4,12,7,7,3,12,2014,2221,,69.4,99.6,.238,.479,.517,47.1,47.3,7.5,7.9,.489,15.5,25.6,.173
Boise State,32,20,12,.625,8.59,4.40,11,7,13,2,4,8,2430,2223,,70.0,106.5,.362,.421,.560,51.5,50.2,8.0,4.1,.520,15.5,25.9,.271
Boston College,31,13,18,.419,2.20,7.72,7,13,8,10,4,8,2009,2180,,69.5,92.8,.292,.407,.494,46.5,54.8,11.1,7.1,.467,17.3,25.7,.191
Boston University,33,20,13,.606,-2.02,-5.46,12,6,12,3,8,8,2346,2208,,66.9,105.1,.271,.344,.535,52.1,46.4,8.4,6.2,.515,14.6,29.0,.177
Bowling Green State,31,21,10,.677,0.44,0.17,12,6,13,2,5,5,2310,2259,,71.6,103.2,.287,.364,.517,51.1,46.2,7.6,6.1,.479,13.3,28.7,.215
Bradley,34,23,11,.676,5.31,0.31,11,7,15,2,4,8,2438,2240,,67.3,105.7,.319,.313,.536,53.5,52.4,7.1,12.5,.499,14.9,31.5,.235
Brigham Young,31,24,7,.774,17.14,6.27,13,3,14,1,6,5,2498,2137,,70.0,113.8,.237,.415,.607,49.6,58.7,8.3,5.5,.592,14.1,20.6,.167
Brown,27,15,12,.556,-4.46,-1.73,8,6,10,4,5,8,1809,1854,,70.2,95.4,.325,.381,.497,52.1,48.6,9.4,11.9,.455,18.2,32.3,.237
Bryant,32,15,17,.469,-6.72,-6.69,7,11,9,5,6,12,2271,2223,,70.7,100.0,.304,.433,.513,52.0,55.0,9.1,11.3,.485,17.2,31.6,.206
Bucknell,34,14,20,.412,-7.74,-4.33,8,10,9,4,4,14,2299,2415,,69.9,96.7,.284,.418,.521,47.8,50.0,10.2,9.4,.493,17.0,24.1,.195
Buffalo,31,20,11,.645,2.18,0.18,11,7,10,6,7,4,2437,2340,,74.8,104.3,.276,.377,.518,52.5,50.8,10.5,11.0,.494,15.4,35.2,.184
Butler,31,22,9,.710,15.60,9.18,10,8,14,3,5,6,2125,1926,,64.6,105.7,.294,.368,.553,53.3,50.9,8.2,7.8,.523,15.4,29.4,.214
Cal Poly,30,7,23,.233,-10.06,-0.49,4,12,7,6,0,15,2027,2248,,68.8,95.4,.348,.340,.516,46.9,43.9,9.0,6.9,.481,17.2,23.0,.242
Cal State Bakersfield,31,12,19,.387,-7.13,-3.27,6,10,9,7,3,12,2109,2097,,66.0,101.1,.312,.272,.509,54.7,46.2,9.3,10.2,.478,16.9,36.1,.214
Cal State Fullerton,31,11,20,.355,-6.81,-1.40,6,10,6,8,4,11,2127,2213,,69.5,96.8,.371,.338,.521,48.0,47.7,7.2,7.7,.488,16.6,22.8,.250
Cal State Northridge,32,15,17,.469,-6.41,-1.01,10,6,10,4,5,12,2435,2528,,71.4,106.6,.313,.339,.551,47.3,51.2,7.9,8.7,.519,14.1,25.7,.228


California Baptist,31,21,10,.677,-2.03,-6.69,10,6,15,5,6,5,2465,2170,,70.5,111.5,.345,.431,.567,54.8,53.9,5.8,8.5,.524,15.4,32.4,.271
UC-Davis,32,14,18,.438,-4.75,-2.68,8,8,8,4,5,12,2330,2286,,68.4,105.7,.315,.369,.573,48.3,50.1,8.4,5.3,.534,16.7,23.4,.248
UC-Irvine,32,21,11,.656,3.72,-2.18,13,3,11,2,8,8,2367,2087,,69.1,107.1,.283,.298,.555,56.7,53.5,9.3,9.9,.526,17.2,35.3,.209
UC-Riverside,32,17,15,.531,-3.67,-4.22,7,9,11,5,6,10,2059,1939,,64.4,99.5,.269,.423,.535,54.2,53.0,7.7,7.5,.510,17.9,27.6,.186
UC-Santa Barbara,31,21,10,.677,-0.60,-4.09,10,6,13,3,8,7,2195,2054,,64.9,108.6,.368,.350,.559,53.6,56.2,7.2,7.2,.517,15.7,32.2,.278
University of California,31,13,18,.419,2.51,8.93,7,11,12,5,1,10,1960,2159,,65.7,95.1,.358,.284,.512,49.4,41.8,6.1,7.5,.468,17.1,25.2,.264
Campbell,31,15,16,.484,-8.51,-8.10,6,12,8,5,6,10,2130,2065,,67.2,101.9,.258,.415,.558,47.6,59.2,10.7,8.3,.532,17.3,22.2,.189
Canisius,31,12,19,.387,-7.41,-5.50,7,13,7,6,4,12,2136,2195,,70.4,97.8,.300,.345,.520,48.9,55.9,10.1,7.1,.488,17.9,28.7,.211
Central Arkansas,31,10,21,.323,-11.27,-2.70,9,11,8,4,2,16,2316,2553,,75.9,96.1,.402,.404,.528,50.3,58.0,6.8,12.7,.485,20.0,28.4,.288
Central Connecticut State,31,4,27,.129,-20.36,-4.66,3,15,4,9,0,16,1959,2396,,70.7,89.3,.291,.316,.486,44.8,44.4,9.1,9.4,.454,17.9,23.3,.197
Central Florida,30,16,14,.533,5.15,4.15,7,11,10,6,4,7,2067,2037,,68.7,99.5,.309,.385,.526,49.3,54.7,9.4,8.0,.494,17.4,28.8,.219
Central Michigan,31,14,17,.452,-2.87,-0.33,7,11,12,4,2,13,2441,2369,,75.1,104.4,.333,.374,.535,49.1,42.3,12.1,7.0,.496,14.9,28.1,.247
Charleston Southern,32,14,18,.438,-13.11,-6.95,7,11,9,6,5,11,2203,2304,,68.6,99.2,.262,.428,.528,46.3,53.5,8.6,7.0,.496,16.2,22.8,.195
Charlotte,29,16,13,.552,0.51,-1.04,10,8,13,2,3,11,1922,1877,,66.6,98.2,.380,.368,.550,49.9,52.3,11.3,10.5,.516,18.7,21.4,.267
Chattanooga,33,20,13,.606,0.42,-1.87,10,8,10,4,7,8,2410,2261,,68.2,106.6,.289,.413,.556,51.7,52.5,7.0,4.1,.529,15.4,26.8,.206
Chicago State,29,4,25,.138,-28.18,-2.84,0,14,3,11,1,12,1781,2372,,70.3,87.4,.409,.351,.516,45.9,50.3,7.1,7.2,.468,22.9,22.6,.295
Cincinnati,30,20,10,.667,12.37,6.77,13,5,13,2,5,6,2182,2014,,68.9,102.2,.396,.361,.536,52.5,57.3,9.2,12.5,.503,17.5,32.0,.268
Citadel,30,6,24,.200,-13.84,-1.02,0,18,3,11,3,12,2244,2433,,75.6,97.7,.307,.469,.538,46.9,54.8,8.8,7.9,.510,17.9,22.8,.212
Clemson,30,15,15,.500,10.28,7.98,9,11,11,6,3,8,1993,1924,,66.7,98.4,.286,.464,.525,49.3,54.7,10.2,7.9,.500,16.5,23.5,.193
Cleveland State,32,11,21,.344,-11.21,-2.50,7,11,6,8,3,13,2053,2298,,68.9,92.4,.388,.230,.489,49.2,51.4,11.1,7.5,.450,18.8,32.0,.258


Coastal Carolina,32,16,16,.500,-0.69,-0.32,8,12,9,9,7,6,2508,2448,,74.1,105.8,.351,.356,.545,54.3,49.1,10.1,8.5,.510,18.3,36.3,.251
Colgate,33,25,8,.758,1.64,-5.77,14,4,15,1,9,7,2527,2251,,69.0,110.6,.245,.464,.561,51.0,52.8,8.8,8.0,.534,13.9,27.9,.184
College of Charleston,31,17,14,.548,0.63,-0.74,11,7,10,5,6,6,2176,2109,,66.9,105.0,.328,.398,.548,47.4,44.6,10.0,7.2,.509,14.4,22.9,.250
Colorado State,32,20,12,.625,6.69,3.94,11,7,12,4,5,6,2417,2307,,69.7,106.8,.390,.393,.569,52.0,59.1,9.2,5.8,.541,16.4,26.5,.265
Colorado,31,21,10,.677,15.63,8.37,10,8,13,3,4,7,2200,1975,,68.0,103.5,.355,.387,.547,54.1,55.3,8.4,7.8,.508,17.0,30.4,.262
Columbia,30,6,24,.200,-10.19,-2.50,1,13,5,7,0,16,1988,2181,,69.6,94.0,.224,.369,.494,47.1,44.1,7.8,8.4,.465,14.3,20.4,.164
Connecticut,31,19,12,.613,11.16,5.35,10,8,14,3,3,7,2258,2078,,69.0,102.3,.346,.358,.521,51.9,51.2,10.0,15.0,.478,16.8,34.1,.257
Coppin State,31,11,20,.355,-14.36,-8.26,7,9,5,5,6,15,2109,2298,,74.3,90.8,.328,.470,.488,47.4,42.0,8.9,7.8,.460,17.1,23.5,.209
Cornell,27,7,20,.259,-8.43,-1.91,4,10,6,6,1,14,1818,1912,,66.2,100.3,.269,.393,.531,47.8,56.8,10.0,8.5,.504,15.4,24.8,.188
Creighton,31,24,7,.774,17.26,9.63,13,5,17,1,6,5,2428,2162,,70.0,111.5,.290,.426,.580,48.5,56.5,9.3,6.6,.553,13.9,23.6,.214
Dartmouth,29,12,17,.414,-4.15,-3.19,5,9,6,6,5,10,1894,1872,,66.5,97.3,.274,.397,.530,51.2,52.0,6.9,8.0,.506,16.5,20.7,.185
Davidson,30,16,14,.533,8.90,3.66,10,8,11,1,4,9,2182,2025,,65.4,108.6,.315,.445,.569,50.4,55.9,8.2,7.7,.534,14.7,24.7,.240
Dayton,31,29,2,.935,19.22,3.74,18,0,17,0,9,0,2480,2000,,67.9,116.4,.339,.390,.619,52.5,60.3,8.3,9.2,.597,15.8,26.4,.244
Delaware State,30,5,25,.167,-20.74,-9.06,4,12,3,11,2,13,2207,2499,,75.9,96.1,.330,.397,.511,46.9,41.9,9.1,6.2,.478,17.1,25.6,.226
Delaware,32,22,10,.688,-1.15,-3.98,11,7,10,3,7,6,2391,2257,,68.7,108.3,.320,.384,.585,50.6,48.6,7.7,9.0,.552,16.7,24.1,.244
Denver,31,7,24,.226,-10.13,-2.06,3,13,6,8,0,14,2135,2360,,71.6,95.4,.362,.291,.525,48.3,45.1,8.1,7.0,.491,17.4,20.8,.250
DePaul,31,15,16,.484,7.39,8.89,3,15,11,7,4,9,2191,2207,,71.8,97.6,.333,.303,.511,50.2,51.8,11.2,15.0,.483,17.5,30.9,.217
Detroit Mercy,31,8,23,.258,-9.91,-1.94,6,12,5,8,2,14,2175,2422,,70.6,99.0,.321,.441,.510,49.5,44.5,8.1,8.2,.462,16.5,30.8,.251
Drake,34,20,14,.588,0.44,0.63,8,10,14,2,2,10,2359,2302,,68.0,101.6,.305,.381,.553,51.4,59.4,8.1,11.6,.524,17.0,23.5,.218
Drexel,33,14,19,.424,-5.37,-2.18,6,12,10,5,1,13,2254,2323,,67.9,100.3,.285,.371,.534,51.8,57.9,8.3,7.0,.506,18.6,30.4,.199


Duke,31,25,6,.806,22.62,8.07,15,5,15,2,7,4,2558,2107,,72.9,111.4,.356,.315,.559,53.8,52.1,11.2,13.6,.526,15.2,34.8,.256
Duquesne,30,21,9,.700,6.76,1.66,11,7,10,4,6,3,2146,1993,,67.8,104.2,.328,.431,.542,49.8,56.5,10.1,14.8,.512,16.0,29.2,.231
East Carolina,31,11,20,.355,-2.25,1.85,5,13,9,7,1,11,2111,2238,,70.7,95.6,.368,.328,.511,50.3,57.2,9.1,9.2,.467,17.1,27.3,.265
East Tennessee State,33,29,4,.879,7.41,-1.89,16,2,16,1,11,3,2521,2088,,68.4,111.7,.367,.387,.568,53.4,51.2,12.1,11.0,.541,15.2,32.7,.253
Eastern Illinois,32,17,15,.531,-5.05,-7.38,9,9,10,2,5,11,2377,2214,,70.9,104.0,.298,.324,.536,50.4,50.4,10.7,11.5,.513,15.3,29.2,.197
Eastern Kentucky,33,16,17,.485,-9.18,-4.47,12,6,10,4,5,10,2464,2488,,76.2,98.0,.319,.401,.513,45.2,46.3,12.2,5.5,.476,16.1,25.7,.231
Eastern Michigan,31,16,15,.516,-3.00,0.85,6,12,11,4,3,11,2002,1964,,67.9,95.1,.425,.372,.509,48.9,42.6,14.5,11.9,.479,18.6,27.8,.267
Eastern Washington,31,23,8,.742,2.03,-1.80,16,4,13,2,10,6,2509,2259,,74.3,108.0,.287,.416,.556,50.9,59.6,9.5,8.7,.532,15.0,28.3,.199
Elon,33,13,20,.394,-7.81,-2.11,7,11,8,8,3,12,2277,2370,,67.5,101.8,.273,.491,.536,48.2,57.0,6.8,6.0,.505,15.1,23.4,.201
Evansville,32,9,23,.281,-7.01,0.64,0,18,5,10,3,10,2149,2368,,67.9,96.7,.322,.424,.527,46.6,52.5,6.8,5.7,.490,16.6,20.3,.235
Fairfield,31,12,19,.387,-9.17,-4.75,8,12,5,8,6,9,1814,1951,,63.8,90.2,.352,.291,.478,51.9,42.2,7.9,8.3,.436,18.4,30.1,.245
Fairleigh Dickinson,30,11,19,.367,-10.03,-5.96,9,9,7,5,4,14,2167,2236,,69.3,103.4,.295,.357,.546,48.3,45.2,9.1,9.4,.516,16.4,26.8,.213
Florida A&M,27,12,15,.444,-12.20,-6.27,10,6,8,0,4,13,1824,1984,,70.8,93.3,.387,.238,.487,48.6,41.0,10.3,5.2,.454,18.1,31.2,.246
Florida Atlantic,31,16,15,.516,-2.09,-1.30,8,10,14,3,2,12,2209,2166,,70.4,100.0,.271,.421,.523,51.2,47.2,10.1,5.9,.495,16.5,29.0,.191
Florida Gulf Coast,32,10,22,.313,-10.31,-4.34,7,9,6,10,4,12,1979,2122,,66.8,91.5,.231,.416,.500,49.2,55.8,9.0,12.4,.476,20.0,28.0,.159
Florida International,31,18,13,.581,0.68,-0.96,9,9,11,3,6,9,2370,2243,,74.0,102.9,.287,.418,.546,47.8,51.9,11.9,15.8,.527,17.9,29.7,.187
Florida State,31,26,5,.839,17.28,7.63,16,4,16,0,7,5,2336,2037,,69.7,107.3,.301,.354,.553,51.9,48.5,12.5,15.9,.519,16.3,33.4,.226
Florida,31,19,12,.613,14.95,9.11,11,7,11,4,4,7,2228,2047,,66.3,107.5,.340,.368,.555,52.4,46.5,8.6,11.1,.521,15.5,31.1,.246
Fordham,30,8,22,.267,-4.19,-0.29,2,16,6,12,1,8,1744,1861,,65.1,88.1,.268,.416,.474,46.9,54.6,10.8,9.0,.446,16.9,21.5,.176
Fresno State,30,11,19,.367,2.03,3.34,7,11,7,7,4,10,2075,2068,,65.3,103.8,.305,.490,.532,52.0,52.2,7.4,11.1,.502,16.4,30.5,.214


Furman,32,25,7,.781,6.80,-1.54,15,3,14,1,10,5,2457,2123,,69.3,110.0,.302,.463,.579,47.8,53.9,11.8,8.5,.556,14.7,23.6,.212
Gardner-Webb,32,16,16,.500,-5.51,-5.78,11,7,7,5,6,10,2318,2272,,67.5,104.5,.354,.390,.549,49.7,54.1,9.1,13.7,.518,15.9,27.6,.245
George Mason,31,16,15,.516,0.90,1.77,5,13,10,7,3,8,2071,2098,,67.3,98.9,.340,.348,.511,52.1,45.8,9.2,13.3,.475,17.3,32.9,.237
George Washington,31,12,19,.387,-3.37,1.05,6,12,7,9,3,9,2034,2171,,66.6,97.0,.332,.422,.525,48.3,52.2,7.8,10.3,.492,17.2,23.1,.232
Georgetown,31,15,16,.484,10.77,9.54,5,13,10,8,4,7,2327,2289,,71.5,105.0,.345,.303,.536,52.2,56.7,8.8,11.2,.490,15.9,32.6,.267
Georgia Southern,31,18,13,.581,1.18,-0.82,12,8,10,4,7,8,2331,2189,,73.2,102.6,.364,.409,.536,48.2,47.4,10.9,10.1,.505,15.6,26.3,.247
Georgia State,31,19,12,.613,3.75,0.03,12,8,12,2,6,10,2437,2230,,74.1,105.2,.315,.381,.546,50.0,53.3,10.6,11.5,.511,16.5,31.7,.233
Georgia Tech,31,17,14,.548,10.44,9.14,11,9,10,6,6,7,2126,2059,,70.7,96.3,.345,.299,.529,51.7,54.4,9.9,11.7,.499,20.0,29.4,.233
Georgia,31,15,16,.484,7.70,8.07,5,13,12,5,3,9,2347,2355,,72.0,103.4,.333,.384,.537,51.4,48.8,9.7,8.1,.505,17.4,32.5,.234
Gonzaga,31,29,2,.935,22.78,2.66,15,1,17,0,10,1,2720,2096,,72.9,119.8,.385,.318,.600,56.5,53.8,10.3,9.5,.577,13.5,33.5,.265
Grambling,31,17,14,.548,-12.01,-9.78,11,7,11,2,6,11,2218,2113,,71.8,99.6,.374,.275,.529,52.0,49.6,10.4,11.5,.496,17.4,30.6,.255
Grand Canyon,30,13,17,.433,-6.34,-4.06,8,8,8,8,4,6,2116,2191,,67.8,103.2,.372,.330,.548,48.2,48.0,7.0,3.7,.506,15.1,23.0,.278
Green Bay,32,17,15,.531,-4.61,-2.91,11,7,10,5,7,10,2625,2563,,75.3,107.6,.319,.325,.558,48.5,55.2,9.1,8.3,.522,14.6,26.9,.241
Hampton,34,15,19,.441,-12.02,-5.80,8,10,11,5,3,13,2635,2693,,71.7,107.3,.405,.317,.546,49.5,53.8,7.0,10.0,.509,14.1,29.0,.283
Hartford,32,17,15,.531,-7.15,-6.15,9,7,9,8,8,7,2137,2145,,69.1,96.3,.308,.401,.519,47.0,55.0,10.7,6.5,.486,17.1,23.0,.217
Harvard,29,21,8,.724,3.03,-1.58,10,4,11,1,9,4,2114,1928,,68.9,104.0,.322,.378,.546,53.4,45.0,9.2,14.1,.516,17.2,30.4,.226
Hawaii,30,17,13,.567,-1.30,-2.12,8,8,14,6,3,7,2057,2016,,68.9,99.1,.315,.380,.522,50.1,55.1,7.9,5.1,.489,16.6,27.8,.222
High Point,32,9,23,.281,-16.28,-5.31,6,12,6,9,3,14,2110,2396,,67.7,96.7,.400,.354,.506,51.3,55.0,7.5,11.9,.463,18.0,32.2,.280
Hofstra,32,24,8,.750,2.59,-4.03,14,4,10,4,11,4,2451,2204,,69.2,110.6,.331,.374,.562,50.3,47.0,10.1,5.6,.522,14.1,29.6,.257
Holy Cross,32,3,29,.094,-18.07,-4.26,2,16,2,12,0,16,2106,2537,,68.9,94.5,.252,.377,.514,47.6,47.0,7.0,7.0,.491,18.3,25.1,.169


Houston Baptist,29,4,25,.138,-17.41,-3.61,4,16,2,9,2,15,2323,2723,,78.0,102.3,.380,.330,.547,49.4,46.4,7.2,5.1,.503,18.6,32.2,.284
Houston,31,23,8,.742,16.48,6.32,13,5,14,2,6,6,2241,1926,,66.8,107.8,.329,.343,.519,56.5,50.8,7.7,15.1,.480,14.6,38.7,.240
Howard,31,3,28,.097,-22.41,-7.62,1,15,2,13,1,14,2159,2533,,71.9,95.7,.316,.374,.515,44.9,54.1,7.8,8.8,.483,17.8,26.5,.218
Idaho State,29,7,22,.241,-8.86,-1.53,4,16,4,9,3,13,2029,2136,,67.6,102.1,.358,.333,.541,50.7,46.1,6.8,5.7,.515,17.4,29.7,.235
Idaho,31,8,23,.258,-12.34,-2.24,4,16,5,10,2,12,2017,2254,,69.3,93.5,.297,.259,.512,49.6,49.7,8.1,6.1,.484,18.3,24.4,.200
Illinois-Chicago,33,17,16,.515,-4.31,-4.12,10,8,11,7,5,9,2277,2280,,70.5,97.5,.295,.383,.534,50.8,57.4,8.2,12.0,.508,19.5,27.5,.202
Illinois State,31,10,21,.323,-2.71,1.96,5,13,9,6,1,11,2050,2171,,68.4,96.3,.252,.416,.525,48.9,50.4,8.4,7.3,.498,18.6,25.6,.179
Illinois,31,21,10,.677,15.30,9.87,13,7,15,3,6,6,2239,2024,,67.5,106.6,.332,.309,.528,55.3,50.7,7.2,7.3,.491,15.0,35.8,.241
Incarnate Word,31,9,22,.290,-18.61,-6.89,6,14,7,9,2,13,2050,2292,,69.2,94.0,.321,.358,.511,47.1,52.6,10.3,6.9,.471,19.1,27.6,.236
Indiana State,30,18,12,.600,3.22,1.81,11,7,12,1,4,8,2052,2004,,66.2,102.9,.329,.343,.549,49.2,51.6,8.3,10.0,.517,15.5,23.5,.236
Indiana,31,19,12,.613,14.68,10.62,9,11,15,4,2,8,2197,2071,,68.4,103.2,.397,.294,.525,54.0,50.3,8.2,12.0,.489,15.8,32.7,.271
Iona,27,11,16,.407,-6.58,-5.36,9,11,5,6,4,9,1906,1939,,68.7,101.3,.326,.429,.552,48.8,55.9,10.0,10.7,.514,18.1,25.7,.247
Iowa State,31,12,19,.387,9.06,10.03,5,13,11,6,0,11,2233,2263,,70.5,101.8,.290,.379,.532,48.7,54.0,10.6,11.5,.498,16.3,29.0,.215
Iowa,31,20,11,.645,16.06,10.61,11,9,14,2,4,7,2410,2241,,70.6,110.2,.344,.376,.554,51.5,63.9,8.7,10.6,.516,14.7,32.0,.258
Purdue-Fort Wayne,32,14,18,.438,-7.42,-3.17,6,10,10,5,3,13,2205,2247,,69.6,99.0,.252,.445,.524,51.5,50.0,10.6,8.3,.502,17.6,28.6,.169
IUPUI,32,7,25,.219,-14.91,-3.41,3,15,4,9,3,14,2256,2564,,71.9,97.3,.316,.387,.504,47.7,53.7,8.9,6.4,.478,16.6,29.3,.204
Jackson State,31,14,17,.452,-11.36,-8.39,11,7,8,3,6,14,2084,2105,,71.1,94.5,.346,.293,.496,47.8,45.7,11.3,10.2,.460,16.1,26.4,.235
Jacksonville State,32,13,19,.406,-8.26,-6.33,8,10,8,6,4,11,2294,2218,,70.0,102.1,.291,.359,.532,52.8,52.0,9.0,7.3,.506,17.3,31.4,.201
Jacksonville,32,14,18,.438,-6.47,-5.61,7,9,6,7,7,9,2139,2133,,67.6,97.7,.311,.355,.514,52.5,45.8,7.4,7.9,.486,17.5,29.2,.208
James Madison,30,9,21,.300,-9.19,-2.74,2,16,6,9,3,11,2157,2296,,72.1,99.7,.365,.403,.514,49.7,49.1,8.6,8.1,.484,15.1,26.2,.238


Kansas State,31,10,21,.323,8.51,9.45,3,15,9,7,1,10,2001,2030,,67.4,95.4,.353,.394,.508,48.6,55.3,12.8,8.2,.477,18.4,29.6,.232
Kansas,31,28,3,.903,25.01,11.68,17,1,14,1,11,1,2312,1882,,67.9,109.4,.350,.329,.564,54.7,50.8,11.2,13.6,.541,16.2,32.8,.234
Kennesaw State,29,1,28,.034,-22.61,-2.64,0,16,1,10,0,16,1602,2181,,68.1,81.1,.325,.309,.439,45.9,42.0,7.4,5.5,.393,19.0,25.8,.228
Kent State,31,19,12,.613,3.61,-0.60,9,9,13,3,5,7,2356,2165,,70.0,106.8,.280,.406,.548,50.4,49.5,9.7,11.3,.521,15.3,30.4,.201
Kentucky,31,25,6,.806,15.73,7.41,15,3,16,2,8,2,2307,2049,,68.5,107.9,.408,.266,.561,53.0,52.2,7.6,13.6,.507,15.8,30.8,.325
La Salle,30,15,15,.500,-0.21,1.72,6,12,8,7,4,8,2040,2098,,69.8,96.2,.331,.416,.513,49.6,55.0,11.4,8.9,.484,18.1,28.6,.220
Lafayette,31,19,12,.613,-5.89,-5.92,10,8,9,5,10,7,2174,2133,,67.7,103.6,.239,.439,.553,49.7,59.3,7.0,11.3,.527,16.0,23.4,.177
Lamar,31,16,15,.516,-7.89,-6.32,10,10,10,5,6,10,2232,2168,,71.9,99.3,.347,.304,.522,48.9,51.9,12.3,12.5,.486,17.8,30.5,.245
Lehigh,32,11,21,.344,-10.88,-3.85,7,11,8,6,3,15,2184,2339,,69.5,97.5,.260,.291,.527,50.7,48.9,7.8,7.1,.496,17.6,26.3,.191
Liberty,34,30,4,.882,5.18,-7.23,13,3,17,0,7,4,2332,1830,,61.3,111.8,.312,.405,.579,53.2,53.0,9.2,9.3,.554,13.6,24.8,.222
Lipscomb,32,16,16,.500,-7.07,-4.44,9,7,9,5,7,11,2255,2261,,68.8,102.0,.288,.346,.536,50.4,50.7,7.8,7.4,.510,16.3,27.1,.200
Cal State Long Beach,32,11,21,.344,-8.71,1.09,6,10,8,6,2,13,2157,2404,,71.8,93.1,.340,.298,.519,48.0,45.7,8.2,11.4,.484,19.9,25.4,.238
Long Island University,33,15,18,.455,-8.39,-6.17,9,9,8,6,6,11,2504,2534,,73.9,101.2,.326,.461,.551,46.2,54.3,9.0,8.2,.520,16.9,21.5,.233
Longwood,32,14,18,.438,-12.40,-9.27,9,9,8,6,6,11,2148,2195,,68.5,96.5,.332,.481,.521,48.7,48.5,9.7,6.7,.487,17.5,23.6,.233
Louisiana,32,14,18,.438,-4.76,-0.73,8,12,10,6,3,11,2335,2432,,72.7,100.0,.355,.407,.525,49.3,46.2,8.1,8.4,.482,16.7,29.1,.263
Louisiana-Monroe,29,9,20,.310,-6.51,-0.17,5,15,7,8,2,12,1831,1956,,66.2,94.9,.325,.346,.510,49.2,51.5,6.7,9.4,.478,18.0,27.0,.222
Louisiana State,31,21,10,.677,14.41,7.18,12,6,15,2,5,6,2495,2271,,70.8,112.8,.354,.343,.568,54.3,44.9,8.8,10.6,.527,15.1,35.1,.272
Louisiana Tech,30,22,8,.733,7.04,-1.50,13,5,15,1,7,7,2235,1910,,68.2,108.2,.290,.399,.557,51.9,48.8,10.8,7.4,.537,15.7,30.3,.194
Louisville,31,24,7,.774,17.93,7.54,15,5,17,1,6,5,2296,1974,,67.1,109.4,.322,.380,.557,54.5,53.5,7.5,7.9,.525,15.4,32.0,.236
Loyola (IL),32,21,11,.656,5.73,0.57,13,5,14,2,5,6,2198,2007,,65.7,103.4,.387,.312,.574,49.7,56.9,11.9,5.4,.554,17.7,21.4,.252


Loyola Marymount,32,11,21,.344,-1.07,3.90,4,12,7,9,2,9,2057,2168,,64.7,98.9,.347,.347,.546,50.6,49.5,9.0,7.4,.518,19.3,27.5,.236
Loyola (MD),32,15,17,.469,-9.55,-7.19,7,11,9,4,5,13,2348,2394,,71.3,102.2,.419,.372,.549,49.2,59.6,9.4,8.0,.525,17.0,25.9,.267
Maine,31,9,22,.290,-11.88,-3.71,5,11,5,7,3,15,1904,2109,,66.2,92.1,.266,.432,.499,50.4,62.1,10.4,11.4,.468,19.6,28.5,.189
Manhattan,29,12,17,.414,-8.80,-6.36,8,12,7,6,5,11,1814,1885,,66.9,92.7,.346,.403,.487,48.9,58.6,10.7,11.8,.460,18.1,29.5,.215
Marist,29,7,22,.241,-12.26,-7.02,6,14,4,10,3,12,1762,1914,,65.8,90.4,.293,.398,.487,49.0,48.5,10.2,10.0,.460,18.4,25.9,.189
Marquette,30,18,12,.600,15.41,9.28,8,10,13,3,3,8,2333,2149,,71.4,107.2,.392,.446,.557,53.2,53.5,7.1,10.6,.516,16.4,29.8,.291
Marshall,31,16,15,.516,1.48,-0.06,10,8,10,6,5,9,2343,2261,,75.5,99.7,.284,.391,.525,48.5,50.2,10.9,14.1,.503,17.3,28.3,.186
Maryland-Baltimore County,32,16,16,.500,-8.30,-4.77,8,8,11,5,5,9,2181,2126,,68.1,99.8,.328,.390,.527,49.9,50.4,7.9,7.7,.504,16.4,26.2,.211
Maryland-Eastern Shore,31,5,26,.161,-21.88,-5.92,4,12,4,6,1,20,1777,2210,,69.6,81.8,.257,.401,.438,46.0,52.1,10.9,9.2,.411,18.5,25.8,.162
Maryland,31,24,7,.774,17.83,10.50,14,6,16,1,5,6,2226,1999,,67.7,106.0,.377,.431,.532,52.9,55.0,6.8,11.8,.486,14.3,31.5,.282
Massachusetts-Lowell,32,13,19,.406,-8.21,-5.38,7,9,8,9,5,10,2388,2433,,70.9,104.1,.376,.358,.554,49.2,55.1,9.6,6.7,.519,16.6,27.7,.268
Massachusetts,31,14,17,.452,1.14,3.82,8,10,11,5,3,9,2124,2207,,69.2,98.2,.299,.402,.522,47.3,54.4,9.8,8.2,.492,16.7,25.7,.210
McNeese State,31,15,16,.484,-8.48,-6.99,10,10,10,5,5,11,2481,2310,,72.0,110.3,.342,.373,.602,52.5,58.3,9.2,10.5,.576,19.4,31.8,.248
Memphis,31,21,10,.677,12.16,5.06,10,8,15,3,5,6,2232,2012,,73.1,97.7,.399,.352,.532,52.2,56.5,10.6,15.3,.497,19.6,30.0,.271
Mercer,32,17,15,.531,-3.16,-2.73,11,7,9,6,8,6,2294,2248,,70.4,101.9,.260,.364,.542,53.2,54.4,9.4,7.6,.515,17.9,31.1,.188
Merrimack,31,20,11,.645,-6.97,-6.57,14,4,10,2,9,8,1948,1866,,64.4,96.4,.254,.433,.517,43.8,56.3,15.2,8.6,.493,16.3,23.2,.173
Miami (FL),30,15,15,.500,6.69,8.62,7,13,9,5,4,8,2143,2201,,68.8,101.2,.287,.365,.526,47.1,39.4,8.3,9.3,.489,15.2,25.9,.218
Miami (OH),31,12,19,.387,-4.50,-0.57,5,13,10,6,1,11,2184,2196,,69.1,101.9,.263,.415,.522,48.7,47.5,7.4,6.8,.492,14.5,25.9,.189
Michigan State,31,22,9,.710,21.93,10.77,14,6,12,3,7,4,2353,2007,,69.4,109.4,.308,.375,.560,55.1,65.0,7.4,13.4,.526,15.6,32.8,.231
Michigan,31,19,12,.613,17.97,11.20,10,10,11,5,4,7,2326,2116,,69.3,107.0,.267,.391,.554,50.6,52.7,7.8,10.3,.528,13.6,25.0,.192


Middle Tennessee,31,8,23,.258,-8.41,0.84,4,14,5,10,3,10,2193,2332,,71.2,98.5,.311,.412,.516,49.0,52.3,9.5,7.9,.488,17.0,28.1,.209
Milwaukee,31,12,19,.387,-7.19,-3.88,7,11,7,8,4,9,2216,2252,,70.6,99.2,.295,.395,.509,49.1,49.1,8.1,8.5,.476,16.1,29.5,.209
Minnesota,30,14,16,.467,16.22,11.78,8,12,11,5,2,10,2131,1998,,67.4,104.5,.279,.409,.521,51.9,59.0,6.9,11.3,.494,14.5,31.3,.192
Mississippi State,31,20,11,.645,12.21,6.95,11,7,14,2,4,7,2275,2112,,67.3,109.0,.395,.280,.559,55.1,51.7,8.3,14.0,.515,17.5,37.0,.298
Mississippi Valley State,30,3,27,.100,-29.05,-7.65,3,15,1,8,2,19,2048,2690,,78.9,86.1,.229,.412,.454,42.2,41.7,9.2,6.6,.430,16.1,23.4,.149
Mississippi,31,15,16,.484,7.90,6.84,6,12,12,5,1,10,2145,2112,,68.8,99.8,.371,.340,.530,49.2,54.7,10.4,8.0,.488,16.7,26.2,.271
Missouri-Kansas City,30,16,14,.533,-6.02,-3.58,8,7,9,4,5,8,2094,1976,,66.7,102.5,.293,.354,.546,48.2,51.4,11.9,9.4,.521,16.9,26.0,.201
Missouri State,33,16,17,.485,3.54,0.76,9,9,11,4,3,10,2330,2238,,68.6,102.6,.288,.338,.533,54.6,46.4,9.3,7.7,.498,17.0,31.9,.215
Missouri,31,15,16,.484,8.52,6.55,7,11,12,4,2,10,2081,2020,,67.1,99.3,.357,.404,.521,51.5,50.3,10.0,10.0,.470,18.0,31.4,.279
Monmouth,31,18,13,.581,-4.57,-5.24,12,8,11,2,6,10,2209,2188,,72.1,98.5,.356,.369,.513,47.1,52.8,11.1,8.5,.471,15.6,25.5,.256
Montana State,31,16,15,.516,-5.04,-2.32,10,10,9,5,5,10,2066,2076,,68.2,97.8,.374,.328,.541,50.9,48.7,8.0,6.8,.498,18.5,22.9,.277
Montana,31,18,13,.581,0.60,-1.51,14,6,12,3,6,10,2195,2122,,69.4,100.8,.264,.273,.549,48.0,46.0,9.0,9.0,.522,15.6,19.6,.191
Morehead State,32,13,19,.406,-10.96,-6.43,7,11,11,4,2,14,2208,2240,,69.1,98.7,.307,.336,.507,50.4,52.1,8.5,11.8,.483,15.5,29.0,.196
Morgan State,31,15,16,.484,-12.76,-9.12,9,7,8,6,7,7,2182,2197,,71.0,97.9,.392,.312,.509,53.0,47.1,8.3,13.0,.468,18.9,35.1,.272
Mount St. Mary's,32,11,21,.344,-9.62,-6.52,7,11,8,6,3,15,2053,2132,,64.5,98.3,.337,.383,.499,50.0,49.9,7.6,9.3,.462,15.4,29.6,.234
Murray State,32,23,9,.719,2.00,-6.07,15,3,15,0,6,6,2413,2070,,69.7,107.4,.394,.318,.568,54.5,54.1,8.1,10.7,.535,17.2,29.5,.279
Navy,30,14,16,.467,-7.36,-5.74,8,10,10,5,4,11,1908,1924,,62.6,99.9,.323,.391,.502,53.3,49.5,7.9,5.4,.468,15.9,33.6,.223
Omaha,32,16,16,.500,-5.11,-0.98,9,7,12,2,4,12,2352,2461,,70.7,102.3,.271,.300,.528,50.1,44.4,7.2,8.9,.500,14.9,27.2,.193
Nebraska,31,7,24,.226,2.80,10.51,2,18,5,11,0,12,2171,2410,,72.7,94.5,.291,.395,.491,44.0,54.2,9.4,6.0,.472,14.3,22.2,.174
Nevada-Las Vegas,32,17,15,.531,6.74,4.71,12,6,12,6,5,7,2307,2242,,67.2,104.4,.341,.402,.529,54.7,49.8,9.0,8.8,.497,16.4,34.0,.236


Nevada,31,19,12,.613,8.88,4.11,12,6,12,3,4,7,2391,2243,,71.7,107.2,.283,.429,.561,51.8,55.0,7.1,10.5,.529,14.9,25.2,.213
New Hampshire,30,15,15,.500,-7.64,-6.32,8,8,10,3,5,12,2071,1990,,69.7,97.9,.256,.418,.502,54.0,52.9,6.8,6.1,.477,15.9,29.4,.172
New Mexico State,31,25,6,.806,4.08,-4.27,16,0,13,1,9,3,2214,1852,,64.6,110.0,.314,.469,.567,56.4,57.8,9.5,5.7,.539,17.2,34.8,.225
New Mexico,33,19,14,.576,3.49,2.64,7,11,15,3,2,9,2531,2483,,73.0,105.1,.375,.368,.561,49.4,55.4,11.1,8.1,.526,17.4,27.6,.270
New Orleans,30,9,21,.300,-14.07,-4.72,5,15,6,8,3,13,2262,2323,,72.7,103.7,.393,.265,.551,47.7,55.8,10.6,5.5,.507,16.9,28.6,.293
Niagara,31,11,20,.355,-11.07,-4.10,9,11,9,3,2,17,2046,2262,,66.8,98.0,.242,.365,.528,41.1,49.5,10.4,6.5,.497,14.6,17.9,.182
Nicholls State,31,21,10,.677,-3.90,-6.04,15,5,13,1,7,8,2388,2144,,73.0,104.6,.254,.372,.537,48.9,46.3,13.5,10.1,.507,15.9,30.8,.190
NJIT,30,9,21,.300,-10.14,-4.83,6,10,5,7,4,14,1904,2030,,67.0,94.8,.306,.333,.486,48.0,46.2,8.5,8.4,.453,14.3,25.1,.208
Norfolk State,31,16,15,.516,-7.73,-9.36,12,4,11,2,4,12,2186,2012,,70.3,99.9,.336,.413,.518,51.2,53.8,11.1,7.4,.481,17.1,31.1,.239
North Alabama,30,13,17,.433,-9.01,-5.83,8,8,9,4,4,13,2062,2092,,70.0,97.8,.380,.367,.524,51.0,46.7,9.2,6.5,.488,18.4,28.5,.262
North Carolina-Asheville,31,15,16,.484,-10.26,-8.26,8,10,10,5,5,10,2326,2318,,71.2,105.0,.340,.385,.549,45.7,40.1,11.5,6.4,.525,14.3,24.0,.224
North Carolina A&T,31,16,15,.516,-9.51,-7.35,12,4,11,1,4,12,2225,2228,,75.3,94.6,.408,.323,.502,49.1,55.8,10.8,9.9,.476,17.7,28.5,.247
North Carolina Central,30,17,13,.567,-10.23,-8.38,13,3,12,0,5,13,2070,1970,,69.2,98.1,.332,.348,.533,49.6,52.6,11.9,8.6,.510,19.1,29.3,.213
North Carolina-Greensboro,32,23,9,.719,5.92,-1.48,13,5,14,4,9,4,2372,2020,,69.0,106.1,.261,.422,.519,52.1,46.0,13.3,13.7,.501,14.0,33.8,.165
North Carolina State,31,19,12,.613,11.77,7.19,10,10,14,4,5,7,2315,2173,,70.6,105.3,.286,.359,.537,49.0,48.6,10.6,11.7,.509,14.7,28.8,.203
North Carolina-Wilmington,32,10,22,.313,-9.24,-0.83,5,13,8,8,1,12,2186,2294,,69.6,97.5,.320,.336,.522,48.1,49.2,8.9,8.4,.488,16.6,24.1,.227
North Carolina,31,13,18,.419,9.59,10.04,6,14,7,8,3,9,2252,2266,,70.6,101.3,.335,.291,.500,54.9,54.8,8.1,10.1,.466,15.1,35.2,.227
North Dakota State,31,23,8,.742,1.10,-4.01,13,3,13,1,8,6,2303,2061,,67.9,109.0,.325,.456,.566,52.6,46.8,7.1,6.0,.525,13.5,23.1,.258
North Dakota,31,14,17,.452,-5.85,-1.32,7,9,8,3,4,13,2344,2322,,70.9,105.8,.348,.405,.567,52.1,49.0,6.6,5.3,.527,16.9,26.6,.267
North Florida,33,21,12,.636,-0.61,-3.28,13,3,13,2,7,9,2583,2416,,69.6,112.5,.275,.522,.578,48.8,58.2,7.1,8.2,.549,14.9,28.4,.210


North Texas,31,20,11,.645,7.32,1.66,14,4,13,3,7,6,2203,1962,,64.9,109.0,.309,.410,.590,52.4,49.6,9.6,8.7,.561,18.4,29.7,.232
Northeastern,31,16,15,.516,1.77,-3.30,9,9,7,6,7,7,2218,2061,,66.2,107.7,.263,.397,.579,51.0,50.5,11.6,4.9,.547,16.1,24.4,.209
Northern Arizona,29,16,13,.552,-4.46,-2.20,10,10,9,5,6,8,2066,2017,,67.7,104.8,.311,.353,.541,50.7,51.9,9.6,5.9,.512,15.0,27.7,.216
Northern Colorado,31,22,9,.710,5.71,-2.81,15,5,11,3,9,5,2303,1945,,65.9,111.8,.261,.461,.572,51.4,49.7,7.6,5.5,.556,13.5,25.4,.174
Northern Illinois,31,18,13,.581,-1.32,-2.15,11,7,11,4,7,9,2071,1998,,66.2,100.4,.281,.364,.504,52.9,41.4,8.4,8.8,.476,15.1,31.2,.189
Northern Iowa,31,25,6,.806,9.87,1.49,14,4,16,0,8,4,2330,2006,,65.9,112.8,.264,.415,.583,55.2,44.9,6.9,6.4,.556,15.7,29.8,.200
Northern Kentucky,30,21,9,.700,-0.12,-4.69,13,5,11,4,10,5,2166,1958,,68.5,104.5,.328,.456,.531,49.9,54.3,11.7,5.6,.501,15.6,31.0,.225
Northwestern State,29,14,15,.483,-10.58,-6.89,11,9,9,5,5,10,2186,2208,,74.7,100.5,.328,.363,.542,50.8,48.4,7.5,10.8,.506,19.4,31.3,.241
Northwestern,30,8,22,.267,5.55,10.31,3,17,5,11,2,10,1955,2098,,66.8,96.7,.262,.340,.503,47.0,57.4,6.0,9.3,.470,14.0,22.2,.191
Notre Dame,31,19,12,.613,10.78,5.72,10,10,15,4,4,7,2296,2139,,68.9,106.7,.251,.453,.532,49.6,62.0,8.4,9.2,.504,12.5,27.0,.184
Oakland,33,14,19,.424,-5.93,-3.11,8,10,8,5,4,12,2239,2301,,67.5,99.0,.378,.379,.521,50.0,57.4,8.5,8.8,.484,17.4,29.1,.261
Ohio State,31,21,10,.677,19.39,10.26,11,9,15,2,4,7,2234,1951,,66.8,107.9,.367,.414,.563,53.8,54.7,7.5,10.2,.523,16.6,30.7,.276
Ohio,31,16,15,.516,0.20,0.30,8,10,11,5,4,8,2201,2127,,68.7,103.3,.291,.426,.542,51.0,56.5,9.5,6.8,.517,16.2,27.1,.200
Oklahoma State,31,17,14,.548,12.08,10.57,7,11,10,6,5,7,2091,2044,,68.5,98.4,.350,.339,.518,50.7,50.1,10.0,12.3,.476,17.0,29.4,.256
Oklahoma,31,19,12,.613,13.51,10.67,9,9,12,3,4,8,2177,2089,,69.7,100.8,.313,.389,.524,49.2,48.0,8.8,11.6,.482,14.2,23.4,.239
Old Dominion,31,13,18,.419,0.37,0.08,9,9,10,4,3,11,2042,2033,,67.6,96.6,.289,.335,.486,53.5,44.3,10.0,9.6,.453,15.0,30.6,.199
Oral Roberts,30,17,13,.567,2.37,-1.74,9,7,13,1,3,12,2416,2190,,71.6,111.5,.294,.383,.547,51.9,45.8,9.0,6.7,.514,12.4,31.4,.220
Oregon State,30,17,13,.567,9.71,6.11,7,11,12,4,3,8,2136,2028,,66.8,106.6,.391,.346,.557,49.7,59.1,9.1,13.8,.513,15.3,26.6,.294
Oregon,31,24,7,.774,18.23,9.11,13,5,17,0,5,5,2352,2069,,66.1,111.7,.289,.373,.567,51.5,52.0,11.4,9.6,.543,15.1,32.7,.202
Pacific,33,23,10,.697,3.77,0.16,11,5,15,3,7,5,2300,2128,,65.9,103.1,.348,.283,.527,56.3,45.4,8.5,11.8,.498,15.5,33.5,.232


Penn State,31,21,10,.677,16.13,9.26,11,9,14,3,5,6,2327,2114,,71.4,105.1,.310,.396,.525,50.8,53.2,10.5,12.1,.495,13.6,29.3,.214
Pennsylvania,27,16,11,.593,1.04,-0.38,8,6,8,3,6,7,1991,1906,,71.6,102.6,.249,.446,.548,49.0,54.4,8.2,7.6,.530,15.8,22.8,.166
Pepperdine,32,16,16,.500,2.80,3.58,8,8,9,5,6,7,2441,2466,,71.6,104.5,.330,.375,.545,49.0,56.5,8.4,10.1,.500,15.4,26.9,.262
Pittsburgh,31,15,16,.484,6.81,7.16,6,14,11,7,2,9,2013,2024,,65.9,98.2,.362,.320,.493,48.6,54.4,11.7,10.3,.449,15.7,32.8,.257
Portland State,32,18,14,.563,-1.51,-2.44,12,8,11,3,6,11,2518,2412,,72.5,108.5,.306,.302,.531,50.7,46.6,11.9,9.9,.498,14.7,36.8,.220
Portland,32,9,23,.281,-6.57,1.94,1,15,7,9,2,9,2126,2309,,70.5,93.5,.329,.358,.520,45.7,55.5,7.9,10.0,.490,17.9,20.2,.223
Prairie View,31,18,13,.581,-6.55,-7.96,14,4,11,0,6,12,2220,2126,,72.5,97.9,.408,.267,.525,49.5,56.4,11.6,8.1,.483,17.6,28.3,.288
Presbyterian,32,10,22,.313,-15.04,-6.91,7,11,7,6,3,14,2155,2346,,67.2,99.4,.347,.358,.542,50.2,51.0,8.7,5.6,.508,18.9,26.6,.247
Princeton,27,14,13,.519,-0.83,-1.56,9,5,7,6,5,6,1931,1866,,67.2,106.0,.278,.439,.568,50.9,52.2,9.5,5.6,.541,16.7,25.5,.204
Providence,31,19,12,.613,13.48,8.22,12,6,13,3,5,6,2214,2051,,69.6,102.3,.359,.366,.511,51.6,58.2,11.9,9.6,.473,16.1,33.7,.249
Purdue,31,16,15,.516,16.32,10.77,9,11,11,5,4,8,2114,1942,,64.7,102.9,.258,.362,.504,53.0,54.2,9.8,11.3,.478,14.6,34.9,.177
Quinnipiac,30,15,15,.500,-7.70,-6.56,10,10,9,5,5,9,2088,2122,,68.9,101.0,.282,.513,.543,51.2,57.9,6.6,9.3,.509,17.6,26.9,.215
Radford,32,21,11,.656,-2.66,-5.70,15,3,11,4,9,6,2302,2115,,65.0,110.2,.317,.390,.552,53.1,50.8,8.1,7.1,.533,14.1,31.5,.204
Rhode Island,30,21,9,.700,9.26,4.79,13,5,12,3,8,5,2200,2066,,71.8,101.2,.371,.291,.505,50.5,48.3,11.6,10.3,.469,14.0,30.4,.251
Rice,31,15,16,.484,-2.96,-0.86,7,11,8,7,5,8,2287,2290,,71.3,103.4,.334,.503,.550,49.7,56.2,8.2,5.8,.517,16.6,25.6,.240
Richmond,31,24,7,.774,11.41,2.86,14,4,14,2,9,3,2335,2070,,69.3,107.9,.278,.379,.568,49.4,56.8,11.6,7.4,.535,14.1,22.6,.216
Rider,30,18,12,.600,-3.11,-5.51,12,8,11,1,5,11,2152,2080,,71.8,99.9,.408,.333,.522,53.4,51.8,9.4,7.9,.491,17.0,30.6,.266
Robert Morris,33,19,14,.576,-5.16,-6.51,13,5,11,3,7,11,2296,2213,,67.6,103.0,.261,.397,.536,49.5,64.7,9.5,5.8,.515,16.5,29.2,.175
Rutgers,31,20,11,.645,15.74,9.70,11,9,18,1,2,8,2168,1942,,67.7,102.5,.291,.300,.516,54.0,47.8,9.6,13.6,.493,15.3,32.4,.187
Sacramento State,29,15,14,.517,-2.13,-2.54,8,12,10,4,4,10,1833,1737,,64.5,98.0,.319,.281,.500,52.9,55.4,10.8,11.3,.461,16.5,33.0,.230


Sacred Heart,33,20,13,.606,-4.77,-7.43,12,6,9,4,10,8,2420,2291,,69.9,104.9,.336,.392,.532,54.7,51.6,7.1,9.8,.494,16.8,36.2,.246
Saint Francis (PA),31,22,9,.710,-1.66,-6.59,13,5,13,2,8,7,2418,2221,,70.5,110.2,.341,.295,.558,52.3,42.1,10.0,7.8,.521,14.9,32.4,.255
Saint Joseph's,31,6,25,.194,-5.47,5.11,2,16,4,10,2,12,2138,2466,,71.3,96.3,.294,.497,.499,47.6,52.9,6.5,6.8,.465,15.9,26.4,.208
Saint Louis,31,23,8,.742,9.43,3.10,12,6,15,3,6,4,2223,2020,,68.7,103.1,.401,.271,.518,54.6,54.9,10.8,12.6,.500,15.6,34.0,.232
Saint Mary's (CA),32,25,7,.781,12.30,4.27,11,5,14,3,6,3,2442,2142,,65.2,113.5,.302,.362,.584,51.8,44.0,9.9,5.3,.555,13.0,25.6,.227
Saint Peter's,29,17,12,.586,-3.70,-5.95,14,6,11,3,6,9,1934,1869,,68.6,96.7,.378,.322,.511,53.7,47.3,10.9,13.5,.467,19.8,35.4,.272
Sam Houston State,31,18,13,.581,-5.17,-6.51,11,9,12,3,6,10,2417,2245,,74.4,102.7,.301,.356,.546,49.4,56.2,12.2,9.0,.512,16.7,28.8,.224
Samford,33,10,23,.303,-13.14,-1.14,4,14,7,8,3,14,2448,2711,,74.6,98.7,.340,.330,.528,48.4,45.4,9.4,9.2,.487,18.1,28.6,.253
San Diego State,32,30,2,.938,18.36,3.91,17,1,14,1,11,0,2395,1903,,66.1,113.3,.285,.420,.579,52.5,55.5,10.5,8.9,.548,14.3,28.9,.220
San Diego,32,9,23,.281,-3.51,4.37,2,14,6,9,3,10,2101,2319,,70.9,91.5,.310,.343,.497,48.5,50.9,8.1,8.3,.466,18.0,25.5,.209
San Francisco,33,22,11,.667,8.25,3.25,9,7,12,5,7,6,2469,2258,,69.1,107.0,.296,.440,.545,52.6,45.7,10.2,7.8,.515,15.2,29.8,.213
San Jose State,31,7,24,.226,-7.54,5.16,3,15,6,10,1,12,2167,2523,,74.1,93.9,.339,.460,.499,46.0,55.5,8.6,8.1,.458,16.5,24.5,.243
Santa Clara,33,20,13,.606,1.92,0.60,6,10,16,5,3,7,2498,2365,,73.0,103.4,.351,.371,.564,48.9,57.8,9.4,8.5,.528,16.7,21.7,.261
Seattle,29,14,15,.483,-4.01,-3.98,7,7,9,4,3,10,2177,2110,,71.4,103.0,.363,.377,.516,48.9,43.2,8.1,8.3,.464,12.3,27.4,.281
Seton Hall,30,21,9,.700,16.76,9.96,13,5,11,4,8,4,2241,2037,,71.0,105.3,.348,.405,.548,50.3,55.8,9.9,14.9,.514,16.3,29.2,.249
Siena,29,19,10,.655,-1.37,-5.58,15,5,14,0,5,10,2104,1982,,67.4,106.3,.369,.332,.552,53.5,51.5,7.8,8.1,.518,16.5,31.8,.261
South Alabama,31,20,11,.645,0.10,-1.01,13,7,11,5,7,5,2209,2092,,67.1,105.8,.398,.302,.559,49.3,44.2,11.4,12.1,.520,15.9,26.5,.288
South Carolina State,28,11,17,.393,-15.51,-8.78,6,10,8,5,3,12,1974,2110,,69.0,99.8,.400,.299,.535,51.3,46.3,6.2,4.9,.486,18.0,29.7,.300
South Carolina Upstate,33,13,20,.394,-13.53,-6.01,7,11,9,6,4,13,2286,2460,,69.8,99.3,.335,.365,.516,47.4,51.2,8.5,7.2,.483,15.6,26.3,.230
South Carolina,31,18,13,.581,10.27,6.43,10,8,12,5,6,6,2275,2156,,72.5,100.8,.368,.297,.512,51.3,53.5,10.6,13.3,.486,15.5,32.1,.231


South Dakota State,32,22,10,.688,2.28,-4.25,13,3,16,0,6,9,2493,2256,,69.8,110.3,.327,.364,.580,53.1,49.9,7.1,8.5,.554,16.2,28.9,.231
South Dakota,32,20,12,.625,-1.75,-3.85,10,6,13,2,5,8,2547,2374,,71.4,111.4,.393,.330,.594,50.5,49.9,6.4,7.0,.557,13.7,20.2,.297
South Florida,31,14,17,.452,5.17,5.20,7,11,10,7,3,6,1943,1944,,65.5,95.0,.375,.384,.499,52.0,46.9,11.4,6.8,.466,18.9,32.4,.244
Southeast Missouri State,31,7,24,.226,-14.54,-5.26,3,15,6,7,0,16,2054,2307,,68.8,95.9,.354,.345,.509,47.8,49.0,7.5,5.8,.472,17.0,25.5,.245
Southeastern Louisiana,31,8,23,.258,-16.06,-5.67,5,15,6,8,2,14,2157,2429,,74.0,92.9,.317,.357,.500,46.0,49.4,10.7,5.2,.469,19.3,28.8,.214
Southern California,31,22,9,.710,11.52,7.23,11,7,14,2,5,6,2179,2046,,70.0,99.3,.354,.321,.524,52.3,55.1,9.4,13.3,.495,17.7,30.6,.234
SIU Edwardsville,31,8,23,.258,-14.15,-5.70,5,13,4,10,4,13,2073,2261,,70.2,95.3,.292,.312,.505,49.0,55.7,8.1,8.9,.476,17.5,27.9,.199
Southern Illinois,32,16,16,.500,-0.16,0.39,10,8,12,3,3,10,2002,1991,,64.3,96.9,.330,.412,.533,45.8,53.2,10.1,5.7,.497,17.5,20.5,.240
Southern Methodist,30,19,11,.633,7.95,3.49,9,9,15,2,4,9,2188,2054,,66.0,108.3,.317,.428,.557,53.0,60.6,8.7,9.8,.521,16.9,34.1,.242
Southern Mississippi,31,9,22,.290,-6.65,2.35,5,13,8,7,1,12,2047,2242,,68.7,95.3,.250,.300,.518,51.3,56.7,8.4,8.3,.490,19.0,27.9,.180
Southern Utah,31,16,15,.516,0.30,-2.15,9,11,9,5,6,10,2254,2053,,70.6,101.4,.350,.320,.540,53.8,45.9,9.4,11.1,.504,16.8,27.9,.251
Southern,31,16,15,.516,-9.56,-9.21,13,5,10,1,5,14,2167,2094,,69.6,99.6,.339,.295,.519,52.7,52.1,9.8,6.9,.487,17.2,32.0,.231
St. Bonaventure,31,19,12,.613,3.10,1.60,11,7,9,5,7,7,2143,2073,,66.3,103.5,.270,.339,.526,52.3,54.3,8.3,11.1,.494,15.2,30.7,.199
St. Francis (NY),31,13,18,.419,-11.37,-7.51,7,11,9,5,4,13,2168,2220,,71.1,98.0,.269,.349,.505,49.2,46.6,9.0,11.7,.471,15.6,27.9,.196
St. John's (NY),31,16,15,.516,10.33,7.62,5,13,13,6,1,8,2312,2228,,74.3,100.3,.300,.311,.495,48.4,54.5,13.2,11.9,.460,13.0,29.8,.210
Stanford,31,20,11,.645,14.02,6.44,9,9,14,4,4,6,2172,1937,,68.7,101.1,.309,.356,.566,49.0,51.3,10.0,10.8,.540,19.0,22.6,.218
Stephen F. Austin,31,28,3,.903,4.00,-6.93,19,1,16,1,12,2,2499,2077,,74.8,107.4,.437,.274,.573,55.5,52.3,13.9,10.3,.541,20.1,38.2,.302
Stetson,33,16,17,.485,-9.63,-5.31,9,7,8,7,7,9,2103,2167,,64.3,98.8,.384,.325,.530,51.9,43.2,9.8,8.4,.499,18.6,30.4,.256
Stony Brook,32,20,12,.625,-2.14,-4.39,10,6,10,4,8,8,2225,2108,,69.9,98.8,.328,.434,.519,51.8,48.0,9.3,13.3,.481,17.8,29.5,.237
Syracuse,31,17,14,.548,11.57,7.25,10,10,11,7,6,5,2297,2163,,68.2,107.7,.353,.423,.545,49.2,55.0,10.6,15.1,.505,14.4,29.7,.263


Temple,31,14,17,.452,6.61,6.19,6,12,8,7,4,8,2117,2104,,70.6,95.5,.333,.350,.496,49.7,57.7,10.8,8.8,.460,15.8,25.9,.228
Tennessee-Martin,29,9,20,.310,-14.13,-4.28,5,13,6,6,2,12,2194,2382,,70.1,107.5,.320,.376,.554,48.2,45.2,7.2,7.7,.518,15.9,31.1,.241
Tennessee State,33,18,15,.545,-6.71,-5.45,9,9,11,3,4,11,2355,2345,,70.5,100.4,.319,.374,.557,53.6,51.9,7.5,11.4,.535,21.3,31.8,.210
Tennessee Tech,31,9,22,.290,-13.60,-4.64,6,12,6,8,3,12,2033,2241,,68.8,94.6,.217,.425,.505,49.4,57.2,9.9,8.3,.483,18.7,28.8,.147
Tennessee,31,17,14,.548,11.18,8.31,9,9,11,6,4,7,2079,1990,,66.6,100.7,.373,.361,.533,50.8,62.7,9.0,15.6,.488,17.8,30.5,.279
Texas A&M-Corpus Christi,31,14,17,.452,-10.30,-6.57,10,10,10,6,4,11,2050,2120,,68.2,96.9,.326,.391,.549,52.1,54.7,8.6,8.9,.518,22.5,30.5,.231
Texas A&M,30,16,14,.533,4.91,6.94,10,8,11,6,5,4,1894,1955,,65.7,95.7,.411,.410,.505,49.7,52.5,9.7,10.4,.464,18.4,31.3,.278
Texas-Arlington,32,14,18,.438,2.76,2.13,10,10,8,8,6,9,2259,2189,,68.8,101.5,.284,.419,.517,49.1,59.8,8.4,7.4,.480,14.1,26.7,.212
Texas Christian,31,16,15,.516,10.00,10.10,7,11,14,5,1,9,2044,2026,,65.8,99.0,.270,.435,.518,51.1,61.8,10.3,13.3,.499,18.3,32.7,.172
Texas-El Paso,31,17,14,.548,-0.81,-0.53,8,10,13,4,3,9,2079,2030,,68.9,97.0,.341,.401,.528,49.7,53.4,9.0,8.5,.485,17.9,24.1,.257
Texas-Rio Grande Valley,30,14,16,.467,-7.05,-3.71,9,7,11,3,3,11,2189,2143,,70.6,102.0,.343,.311,.526,48.5,57.9,11.7,10.8,.489,15.3,28.6,.246
Texas-San Antonio,31,13,18,.419,-3.09,0.45,7,11,10,5,3,9,2392,2391,,74.1,102.5,.271,.425,.527,50.1,46.1,7.9,7.3,.492,15.0,27.4,.206
Texas Southern,31,15,16,.484,-10.74,-5.84,12,6,10,1,5,15,2260,2369,,74.7,96.5,.412,.288,.506,50.6,44.3,8.4,7.2,.460,18.0,31.6,.290
Texas State,31,20,11,.645,5.03,-0.28,13,7,14,3,6,8,2254,1990,,67.0,107.3,.358,.280,.542,50.1,54.0,9.2,9.0,.499,14.2,29.5,.270
Texas Tech,31,18,13,.581,16.82,8.40,9,9,13,4,3,7,2230,1969,,68.2,103.8,.345,.366,.556,50.0,61.1,11.1,11.5,.517,17.4,27.8,.260
Texas,31,19,12,.613,10.49,9.61,9,9,11,6,6,5,1989,1962,,66.2,96.9,.220,.429,.520,47.3,48.5,8.3,11.1,.499,18.0,26.6,.151
Toledo,31,16,15,.516,1.30,-1.37,8,10,9,6,7,9,2310,2171,,69.4,106.9,.371,.424,.554,51.5,58.0,8.0,8.8,.513,15.4,28.3,.276
Towson,32,19,13,.594,0.19,-1.41,12,6,9,5,8,4,2258,2125,,65.7,106.6,.333,.334,.534,54.0,46.1,8.5,9.9,.491,15.2,33.5,.257
Troy,31,9,22,.290,-9.01,-1.32,5,15,6,9,3,13,2131,2276,,70.7,96.4,.292,.437,.498,49.3,57.3,8.1,7.8,.469,17.1,30.3,.197
Tulane,30,12,18,.400,0.93,3.53,4,14,7,7,3,7,2050,2128,,69.4,97.7,.342,.403,.516,44.4,48.0,12.1,7.8,.478,15.2,22.3,.243


Tulsa,31,21,10,.677,7.94,3.62,13,5,15,2,6,7,2103,1969,,67.1,99.5,.398,.343,.535,50.1,53.7,11.1,7.5,.496,17.5,26.3,.281
UCLA,31,19,12,.613,9.81,8.21,12,6,13,4,5,5,2153,2079,,66.5,103.7,.374,.333,.528,54.2,53.4,10.0,10.2,.487,16.7,34.5,.268
Utah State,34,26,8,.765,13.66,4.04,12,6,15,1,4,6,2600,2179,,68.9,109.8,.361,.379,.564,56.6,62.0,8.8,9.5,.523,15.6,31.8,.276
Utah Valley,30,11,19,.367,-7.54,-4.24,5,10,6,7,5,12,2105,2131,,71.2,97.7,.345,.374,.533,49.6,55.1,8.0,12.5,.498,17.8,24.3,.246
Utah,30,16,14,.533,8.50,7.80,7,11,12,2,1,10,2130,2109,,67.9,102.9,.361,.382,.548,51.6,56.6,8.0,7.3,.510,17.1,28.4,.264
Valparaiso,35,19,16,.543,1.48,1.22,9,9,11,2,4,10,2530,2494,,69.5,102.5,.268,.404,.537,48.9,57.8,10.9,8.9,.510,15.9,26.2,.191
Vanderbilt,31,11,20,.355,3.30,6.23,3,15,10,10,1,9,2222,2313,,69.9,101.7,.413,.444,.541,47.1,48.4,10.0,8.8,.504,16.4,25.1,.287
Vermont,32,25,7,.781,6.28,-4.75,14,2,12,3,12,3,2280,1889,,66.5,107.2,.305,.433,.547,53.2,54.7,8.9,10.8,.518,14.8,28.3,.218
Villanova,31,24,7,.774,16.84,10.04,13,5,12,3,9,3,2269,2058,,67.6,107.8,.269,.473,.557,51.2,56.3,8.3,6.5,.526,14.1,25.6,.204
Virginia Commonwealth,31,18,13,.581,9.72,4.14,8,10,14,4,4,7,2193,2020,,69.2,101.8,.330,.372,.529,48.1,52.8,12.9,12.4,.497,15.6,27.5,.230
VMI,33,9,24,.273,-6.92,-2.72,3,15,5,10,2,12,2380,2346,,68.4,103.9,.225,.508,.540,49.9,62.0,9.7,7.4,.518,15.9,27.9,.159
Virginia Tech,31,16,15,.516,8.89,6.05,7,13,12,6,3,7,2138,2050,,66.2,101.7,.230,.474,.531,48.0,59.4,8.9,8.8,.508,13.3,20.9,.163
Virginia,30,23,7,.767,12.20,7.53,15,5,14,3,7,4,1711,1571,,60.2,93.5,.266,.370,.501,52.8,54.8,8.8,16.5,.469,17.7,26.4,.191
Wagner,29,8,21,.276,-14.81,-5.60,5,13,5,8,3,13,1982,2210,,69.1,97.6,.295,.377,.508,49.3,53.0,8.6,7.4,.473,17.0,29.9,.214
Wake Forest,30,13,17,.433,7.00,8.20,6,14,9,5,1,11,2204,2240,,70.9,101.9,.416,.327,.538,51.7,51.5,6.9,7.2,.489,17.1,28.0,.311
Washington State,31,15,16,.484,4.38,4.63,6,12,11,5,2,9,2153,2161,,71.0,97.0,.303,.394,.496,49.4,47.3,9.4,6.8,.455,14.9,27.8,.226
Washington,31,15,16,.484,12.37,7.85,5,13,10,7,3,7,2189,2049,,70.0,100.0,.378,.384,.544,49.5,51.9,10.4,16.5,.506,18.7,27.2,.271
Weber State,31,12,19,.387,-8.22,-0.58,8,12,8,6,4,9,2171,2218,,68.9,100.9,.277,.366,.543,48.1,42.8,7.5,9.8,.514,15.5,22.5,.199
West Virginia,31,21,10,.677,18.50,10.63,9,9,14,2,4,8,2179,1935,,69.4,100.9,.405,.296,.499,55.6,49.5,11.0,10.6,.465,17.0,40.0,.260
Western Carolina,31,19,12,.613,-0.11,-1.56,10,8,10,4,8,7,2444,2317,,72.4,108.0,.368,.457,.581,53.1,53.6,7.3,5.0,.552,17.5,28.9,.261


Western Illinois,26,5,21,.192,-14.31,-3.06,2,14,4,10,1,11,1934,2126,,73.1,100.8,.221,.367,.525,46.9,37.6,6.7,5.6,.494,13.6,21.7,.173
Western Kentucky,30,20,10,.667,4.18,0.94,13,5,12,2,6,6,2297,2160,,69.8,107.4,.392,.368,.568,48.4,42.9,9.4,10.3,.520,15.5,25.3,.309
Western Michigan,31,13,18,.419,-5.51,-0.27,6,12,10,5,3,11,2147,2230,,68.9,99.3,.363,.380,.530,48.6,46.8,6.8,5.8,.492,16.6,24.5,.259
Wichita State,31,23,8,.742,13.69,5.62,11,7,17,2,5,5,2227,1977,,70.7,100.9,.337,.393,.508,53.2,56.8,9.9,10.4,.471,15.3,31.7,.235
William & Mary,32,21,11,.656,-2.34,-2.98,13,5,11,2,10,7,2288,2208,,68.0,105.1,.307,.390,.564,53.1,52.9,6.3,10.4,.532,16.6,26.1,.229
Winthrop,34,24,10,.706,1.17,-6.52,15,3,11,4,10,6,2765,2431,,72.6,110.8,.358,.439,.557,55.2,55.3,9.0,7.1,.538,16.0,35.1,.228
Wisconsin,31,21,10,.677,15.97,10.97,14,6,15,1,6,6,2082,1927,,64.4,103.8,.269,.445,.537,49.6,51.1,6.9,9.7,.503,13.8,24.1,.205
Wofford,34,19,15,.559,0.37,-1.79,8,10,10,5,6,10,2465,2327,,67.1,106.9,.265,.481,.572,50.3,51.9,8.3,8.4,.549,16.1,25.0,.190
Wright State,31,25,6,.806,3.18,-6.38,15,3,14,2,9,3,2524,2191,,73.1,110.0,.365,.336,.552,52.2,48.0,8.8,8.3,.523,14.4,32.6,.248
Wyoming,33,9,24,.273,-3.05,4.82,2,16,4,13,3,8,2070,2308,,67.6,91.8,.305,.465,.520,43.5,52.5,7.8,6.2,.484,17.3,14.5,.222
Xavier,31,19,12,.613,12.86,9.54,8,10,12,5,5,6,2194,2091,,69.2,100.3,.311,.349,.516,52.5,55.3,8.7,9.6,.490,17.0,32.4,.204
Yale,30,23,7,.767,6.61,-1.54,11,3,10,1,11,6,2289,1954,,68.2,108.3,.330,.414,.573,54.8,57.4,8.9,9.6,.545,16.3,27.4,.235
Youngstown State,33,18,15,.545,-5.60,-4.83,10,8,13,4,5,11,2401,2351,,68.7,104.8,.300,.372,.511,52.6,47.5,8.2,6.5,.481,14.5,35.7,.207
